# GRCh38, k 16, w 10, b 32
1000002	153
2000014	70
3000008	73
4000000	86
5000001	66
6000010	71
7000004	68
8000003	71
9000000	66
10000000	68
11000004	69
12000000	71
13000006	73
14000002	69
15000023	65
16000001	73
17000008	78
18000003	66
19000002	67
20000006	76
21000002	74
22000000	69
23000022	70
24000005	83
25000010	67
26000008	71
27000000	69
28000001	70
29000000	82
30000001	68
31000000	84
32000001	73
33000000	75
34000007	87
35000001	75
36000001	71
37000012	68
38000006	65
39000000	65
40000007	76
41000002	69
42000000	77
43000014	71
44000001	68
45000005	68
46000000	70
47000013	68
48000000	70
49000002	69
50000003	70
51000005	68
52000002	68
53000003	83
54000001	88
55000002	71
56000000	71
57000003	77
58000006	69
59000007	73
60000000	71
61000009	69
62000006	70
63000003	72
64000000	68
65000004	67
66000000	69
67000006	72
68000002	72
69000008	67
70000003	68
71000010	68
72000008	72
73000017	75
74000006	71
75000005	74
76000007	73
77000002	66
78000007	66
79000013	67
80000001	66
81000002	71
82000002	76
83000003	68
84000009	67
85000002	69
86000000	68
87000002	66
88000010	67
89000003	65
90000006	66
91000004	65
92000000	71
93000006	69
94000001	68
95000016	67
96000000	67
97000006	66
98000000	69
99000006	66
100000006	73
101000006	68
102000011	72
103000002	71
104000004	71
105000006	73
106000000	66
107000010	65
108000001	64
109000004	66
110000002	66
111000006	71
112000006	71
113000017	72
114000005	66
115000009	83
116000001	67
117000001	65
118000000	67
119000001	66
120000012	74
121000001	64
122000007	67
123000003	68
124000000	68
125000001	67
126000001	78
127000001	67
128000001	80
129000001	66
130000001	68
131000000	65
132000000	65
133000021	65
134000007	68
135000000	68
136000000	69
137000002	64
138000007	65
139000001	65
140000000	64
141000005	68
142000010	65
143000004	68
144000010	70
145000001	68
146000004	68
147000000	67
148000009	67
149000000	68
150000001	62
151000007	65
152000004	68
153000000	68
154000000	84
155000002	68
156000004	70
157000002	64
158000003	65
159000006	64
160000004	63
161000008	67
162000004	74
163000002	70
164000000	65
165000001	68
166000005	64
167000000	64
168000000	66
169000006	63
170000019	64
171000010	66
172000000	64
173000011	107
174000000	68
175000006	85
176000001	74
177000007	67
178000000	66
179000007	63
180000003	69
181000001	66
182000003	67
183000005	66
184000008	65
185000001	67
186000010	68
187000000	64
188000003	62
189000006	64
190000003	65
191000007	62
192000000	64
193000001	66
194000010	69
195000007	63
196000008	73
197000001	72
198000002	63
199000009	62
200000001	65
201000007	68
202000002	62
203000006	71
204000001	66
205000006	74
206000006	68
207000004	68
208000001	70
209000000	62
210000003	62
211000001	61
212000007	63
213000008	67
214000002	63
215000002	63
216000000	67
217000000	77
218000002	66
219000004	65
220000006	67
221000002	60
222000000	61
223000000	62
224000000	64
225000007	62
226000001	65
227000000	69
228000000	65
229000001	71
230000000	76
231000004	66
232000027	64
233000001	62
234000014	65
235000002	71
236000000	64
237000000	63
238000001	63
239000003	65
240000002	63
241000001	64
242000007	65
243000005	86
244000005	67
245000000	64
246000007	62
247000008	66
248000003	62
249000008	70
250000008	68
251000000	60
252000000	60
253000004	71
254000003	69
255000006	62
256000004	65
257000001	65
258000002	61
259000012	61
260000001	61
261000001	59
262000001	61
263000003	64
264000000	68
265000004	66
266000005	59
267000006	64
268000003	62
269000004	65
270000000	58
271000015	64
272000005	96
273000000	59
274000001	64
275000002	67
276000005	63
277000001	66
278000002	61
279000005	58
280000000	60
281000005	60
282000008	60
283000000	62
284000002	62
285000001	61
286000001	67
287000003	64
288000000	61
289000004	62
290000012	57
291000010	61
292000000	62
293000000	64
294000005	60
295000013	65
296000002	68
297000002	65
298000010	61
299000000	59
300000007	67
301000003	71
302000014	71
303000005	57
304000002	65
305000000	58
306000000	58
307000012	61
308000002	57
309000006	55
310000003	71
311000001	61
312000002	55
313000006	56
314000002	60
315000005	67
316000002	59
317000013	58
318000006	57
319000009	72
320000003	61
321000010	54
322000008	58
323000006	57
324000002	56
325000011	56
326000003	56
327000003	67
328000000	57
329000001	60
330000000	55
331000002	55
332000004	55
333000010	58
334000002	56
335000020	60
336000002	58
337000003	56
338000002	58
339000000	61
340000004	54
341000002	64
342000007	53
343000003	55
344000007	65
345000001	56
346000001	61
347000009	54
348000000	56
349000014	53
350000004	58
351000001	53
352000004	52
353000000	65
354000012	53
355000010	55
356000000	55
357000004	56
358000003	54
359000014	51
360000001	53
361000006	55
362000003	53
363000005	53
364000006	55
365000002	57
366000000	55
367000000	57
368000000	56
369000001	52
370000014	60
371000000	58
372000011	53
373000016	54
374000000	57
375000000	52
376000003	57
377000004	67
378000000	52
379000002	57
380000005	52
381000016	63
382000003	57
383000003	54
384000004	52
385000002	54
386000004	54
387000002	52
388000003	53
389000000	54
390000002	53
391000007	51
392000006	52
393000005	53
394000001	60
395000006	52
396000008	53
397000001	57
398000006	57
399000008	58
400000001	55
401000010	52
402000003	49
403000000	50
404000004	49
405000003	53
406000004	55
407000002	53
408000003	52
409000003	51
410000006	51
411000002	54
412000007	54
413000025	50
414000002	56
415000019	50
416000002	54
417000002	56
418000001	62
419000003	55
420000009	53
421000011	53
422000006	51
423000004	56
424000007	51
425000002	52
426000007	68
427000005	53
428000004	62
429000001	55
430000001	56
431000005	50
432000001	50
433000012	55
434000004	54
435000002	51
436000001	54
437000004	55
438000005	51
439000017	53
440000003	54
441000000	51
442000008	51
443000002	55
444000002	56
445000007	52
446000006	52
447000001	73
448000012	53
449000000	49
450000013	56
451000005	52
452000007	49
453000015	51
454000007	52
455000000	50
456000005	50
457000008	53
458000006	53
459000013	58
460000000	54
461000003	52
462000011	48
463000006	54
464000006	48
465000017	53
466000018	49
467000005	56
468000000	50
469000004	54
470000001	52
471000015	55
472000005	47
473000003	51
474000009	48
475000002	46
476000002	48
477000011	50
478000002	51
479000015	53
480000002	50
481000006	53
482000012	90
483000016	49
484000009	52
485000011	49
486000009	54
487000003	52
488000004	49
489000012	50
490000000	48
491000008	53
492000005	51
493000000	46
494000000	47
495000002	46
496000005	46
497000005	50
498000002	50
499000009	48
500000000	47
501000003	49
502000003	47
503000008	48
504000005	48
505000000	47
506000007	47
507000002	50
508000000	53
509000009	49
510000006	48
511000003	47
512000022	51
513000007	47
514000006	49
515000019	47
516000001	46
517000005	49
518000000	46
519000005	50
520000002	50
521000000	48
522000000	47
523000001	48
524000017	45
525000002	48
526000020	47
527000000	48
528000004	49
529000013	46
530000000	45
531000000	55
532000013	47
533000010	48
534000005	43
535000003	47
536000005	45
537000001	43
538000001	42
539000004	48
540000017	40
541000005	41
542000003	40
543000001	43
544000002	42
545000012	43
546000001	40
547000017	40
548000006	40
549000000	44
550000003	44
551000002	40
552000006	38
553000005	43
554000000	41
555000001	41
556000009	51
557000005	42
558000003	42
559000005	42
560000004	51
561000001	39
562000005	42
563000002	40
564000006	47
565000005	42
566000006	39
567000029	41
568000004	41
569000000	46
570000006	39
571000001	43
572000003	39
573000000	40
574000000	38
575000003	39
576000019	40
577000003	42
578000005	45
579000004	39
580000001	41
581000005	41
582000001	43
583000007	40
584000013	40
585000013	40
586000001	38
587000000	43
588000012	42
589000004	40
590000002	44
591000000	39
592000010	40
593000000	40
594000012	39
595000020	38
596000010	40
597000000	37
598000011	40
599000003	44
600000006	38
601000000	41
602000005	39
603000002	39
604000002	37
605000005	36
606000002	38
607000010	40
608000000	36
609000002	37
610000016	38
611000014	40
612000003	38
613000001	38
614000001	39
615000000	36
616000005	36
617000005	37
618000016	36
619000011	45
620000005	36
621000001	36
622000006	36
623000006	38
624000001	37
625000018	58
626000007	35
627000000	36
628000001	39
629000000	37
630000001	40
631000005	36
632000013	35
633000006	37
634000005	39
635000016	38
636000005	38
637000009	37
638000000	38
639000001	36
640000001	42
641000006	36
642000010	36
643000003	36
644000004	38
645000001	35
646000004	39
647000006	35
648000000	36
649000005	36
650000004	37
651000001	36
652000006	35
653000001	37
654000000	35
655000024	35
656000008	34
657000009	35
658000001	36
659000000	36
660000054	39
661000007	36
662000001	34
663000008	37
664000010	35
665000009	36
666000001	33
667000014	35
668000006	38
669000014	38
670000002	34
671000015	34
672000034	34
673000017	32
674000001	33
675000011	33
676000000	35
677000020	36
678000003	32
679000006	35
680000012	32
681000004	34
682000008	33
683000022	32
684000002	35
685000007	34
686000006	35
687000001	31
688000001	33
689000001	41
690000004	33
691000002	33
692000001	35
693000001	36
694000010	36
695000006	33
696000000	36
697000002	32
698000017	32
699000002	33
700000005	44
701000005	36
702000003	34
703000007	35
704000011	35
705000002	32
706000003	30
707000009	31
708000004	31
709000002	32
710000004	30
711000006	33
712000021	32
713000004	31
714000006	36
715000004	31
716000001	33
717000003	36
718000004	42
719000001	34
720000004	44
721000008	35
722000013	36
723000000	35
724000001	38
725000003	38
726000021	37
727000013	35
728000008	34
729000000	35
730000013	37
731000002	35
732000005	37
733000001	35
734000001	34
735000002	37
736000004	35
737000001	33
738000000	33
739000001	33
740000011	47
741000023	65
742000003	32
743000000	36
744000005	32
745000013	32
746000004	32
747000007	33
748000013	31
749000015	32
750000015	32
751000007	35
752000008	47
753000003	35
754000001	32
755000008	32
756000005	32
757000006	32
758000000	34
759000000	32
760000003	34
761000000	36
762000000	36
763000013	43
764000004	44
765000002	50
766000003	35
767000006	32
768000008	36
769000010	32
770000011	33
771000006	32
772000010	35
773000015	34
774000015	32
775000004	35
776000003	38
777000009	29
778000007	34
779000018	30
780000008	32
781000005	32
782000008	32
783000002	33
784000001	31
785000003	32
786000002	32
787000005	31
788000028	29
789000008	33
790000007	30
791000004	34
792000000	34
793000003	41
794000007	31
795000010	30
796000003	33
797000010	42
798000003	29
799000000	31
800000017	32
801000007	33
802000003	31
803000006	33
804000009	34
805000003	30
806000020	29
807000003	31
808000001	31
809000004	32
810000015	32
811000002	30
812000002	38
813000011	29
814000002	30
815000003	29
816000005	30
817000007	29
818000013	49
819000017	29
820000019	30
821000003	32
822000030	34
823000012	29
824000001	31
825000004	29
826000027	28
827000000	29
828000003	31
829000002	29
830000011	30
831000000	31
832000004	29
833000000	31
834000000	30
835000009	32
836000003	29
837000017	28
838000000	31
839000003	29
840000002	28
841000011	28
842000000	31
843000001	27
844000016	28
845000005	27
846000007	26
847000044	26
848000014	25
849000005	29
850000009	28
851000005	27
852000005	27
853000004	27
854000017	28
855000007	27
856000005	26
857000000	29
858000021	27
859000000	30
860000017	26
861000001	28
862000031	27
863000005	29
864000003	31
865000002	30
866000012	27
867000010	29
868000004	25
869000007	26
870000003	28
871000004	25
872000006	27
873000036	27
874000002	26
875000005	29
876000025	28
877000002	25
878000007	26
879000012	27
880000011	26
881000000	27
882000002	28
883000007	27
884000016	26
885000002	26
886000009	27
887000010	27
888000007	25
889000037	24
890000017	27
891000007	25
892000004	26
893000032	26
894000008	27
895000040	25
896000003	28
897000017	29
898000016	24
899000001	29
900000010	27
901000005	25
902000007	25
903000038	25
904000053	26
905000001	26
906000007	24
907000002	23
908000001	25
909000007	25
910000003	26
911000003	25
912000004	23
913000011	26
914000001	23
915000005	23
916000001	24
917000007	23
918000027	24
919000005	22
920000002	22
921000013	27
922000039	28
923000001	28
924000002	24
925000005	26
926000010	23
927000005	23
928000017	22
929000008	22
930000008	26
931000008	22
932000007	24
933000000	23
934000007	24
935000033	26
936000027	25
937000061	23
938000022	22
939000001	21
940000004	20
941000052	22
942000014	23
943000012	21
944000033	22
945000004	21
946000006	28
947000019	22
948000001	21
949000040	23
950000001	23
951000004	23
952000004	23
953000010	22
954000005	21
955000006	22
956000002	21
957000001	24
958000008	20
959000007	25
960000004	21
961000006	20
962000008	20
963000001	24
964000003	22
965000003	22
966000024	22
967000008	21
968000009	22
969000003	20
970000005	22
971000026	21
972000010	21
973000005	27
974000002	21
975000009	20
976000006	22
977000028	22
978000019	19
979000011	22
980000000	19
981000024	23
982000010	20
983000055	19
984000002	20
985000005	20
986000009	23
987000009	22
988000003	35
989000011	20
990000008	20
991000000	19
992000000	20
993000036	20
994000001	20
995000005	20
996000000	22
997000001	23
998000005	24
999000005	19
1000000006	29
1001000002	20
1002000022	21
1003000021	21
1004000002	23
1005000025	21
1006000009	20
1007000001	19
1008000003	32
1009000002	21
1010000012	20
1011000022	19
1012000004	19
1013000021	20
1014000004	19
1015000008	20
1016000006	19
1017000003	19
1018000001	21
1019000037	20
1020000006	19
1021000015	20
1022000034	20
1023000005	36
1024000001	20
1025000000	19
1026000001	21
1027000005	20
1028000000	20
1029000032	19
1030000002	20
1031000022	19
1032000002	20
1033000013	20
1034000044	25
1035000003	22
1036000011	19
1037000008	19
1038000021	18
1039000000	18
1040000008	18
1041000011	20
1042000003	18
1043000018	20
1044000006	19
1045000007	20
1046000008	18
1047000002	21
1048000003	19
1049000002	19
1050000030	18
1051000006	23
1052000007	20
1053000005	18
1054000001	18
1055000008	19
1056000009	18
1057000000	18
1058000007	18
1059000012	19
1060000003	17
1061000004	22
1062000005	18
1063000019	26
1064000006	18
1065000005	18
1066000006	17
1067000001	21
1068000007	18
1069000010	18
1070000001	44
1071000013	16
1072000000	16
1073000010	16
1074000004	15
1075000018	14
1076000034	16
1077000005	14
1078000007	16
1079000022	14
1080000012	16
1081000012	14
1082000032	14
1083000025	14
1084000041	14
1085000014	15
1086000002	15
1087000008	16
1088000014	13
1089000006	15
1090000008	15
1091000006	14
1092000027	15
1093000000	14
1094000013	14
1095000007	13
1096000039	15
1097000012	15
1098000003	15
1099000017	16
1100000009	14
1101000021	14
1102000001	14
1103000049	13
1104000044	13
1105000009	14
1106000003	14
1107000013	23
1108000013	14
1109000000	13
1110000012	13
1111000005	13
1112000002	13
1113000013	15
1114000016	14
1115000007	14
1116000004	14
1117000001	13
1118000004	13
1119000004	14
1120000004	13
1121000002	14
1122000009	15
1123000000	14
1124000027	15
1125000004	15
1126000002	15
1127000006	14
1128000076	16
1129000007	14
1130000029	13
1131000004	14
1132000038	15
1133000006	19
1134000000	16
1135000008	15
1136000011	14
1137000002	15
1138000000	16
1139000021	13
1140000001	14
1141000002	14
1142000005	13
1143000004	14
1144000004	13
1145000009	13
1146000015	14
1147000010	13
1148000013	13
1149000004	13
1150000007	15
1151000010	12
1152000000	13
1153000012	14
1154000000	12
1155000002	12
1156000001	14
1157000008	13
1158000002	12
1159000013	15
1160000015	13
1161000036	14
1162000010	12
1163000001	13
1164000004	14
1165000028	13
1166000002	13
1167000006	13
1168000002	13
1169000005	13
1170000012	12
1171000016	12
1172000006	13
1173000001	13
1174000048	12
1175000037	12
1176000023	12
1177000005	12
1178000016	15
1179000040	12
1180000026	12
1181000015	12
1182000008	11
1183000002	20
1184000073	13
1185000004	13
1186000008	13
1187000026	13
1188000016	13
1189000006	12
1190000011	16
1191000017	12
1192000026	12
1193000013	13
1194000015	13
1195000044	12
1196000012	14
1197000022	13
1198000030	18
1199000000	12
1200000012	13
1201000003	12
1202000004	11
1203000013	12
1204000016	12
1205000029	11
1206000030	12
1207000000	11
1208000042	11
1209000010	12
1210000022	12
1211000009	11
1212000007	11
1213000061	11
1214000005	11
1215000012	11
1216000027	11
1217000031	12
1218000075	11
1219000031	24
1220000002	14
1221000023	11
1222000031	11
1223000051	11
1224000028	11
1225000001	12
1226000003	11
1227000017	11
1228000003	12
1229000021	11
1230000014	11
1231000017	11
1232000006	11
1233000006	10
1234000006	11
1235000004	12
1236000005	12
1237000010	11
1238000019	12
1239000006	12
1240000003	11
1241000000	13
1242000035	11
1243000004	11
1244000015	10
1245000069	10
1246000010	12
1247000010	13
1248000027	10
1249000007	10
1250000007	11
1251000009	11
1252000035	12
1253000007	11
1254000036	10
1255000004	12
1256000023	11
1257000018	10
1258000003	10
1259000003	11
1260000014	11
1261000014	11
1262000049	16
1263000021	11
1264000020	10
1265000004	12
1266000010	11
1267000005	12
1268000053	14
1269000018	11
1270000003	11
1271000006	11
1272000018	10
1273000026	10
1274000003	13
1275000001	11
1276000028	10
1277000023	10
1278000002	12
1279000000	11
1280000027	11
1281000070	10
1282000008	11
1283000001	9
1284000011	12
1285000000	15
1286000023	10
1287000008	10
1288000010	14
1289000014	10
1290000002	10
1291000040	11
1292000003	10
1293000000	10
1294000018	10
1295000026	10
1296000000	10
1297000002	10
1298000045	12
1299000002	11
1300000000	11
1301000023	10
1302000017	10
1303000020	10
1304000001	12
1305000016	9
1306000009	12
1307000014	10
1308000003	10
1309000000	10
1310000075	11
1311000004	10
1312000029	10
1313000023	10
1314000001	9
1315000001	9
1316000065	9
1317000033	9
1318000046	10
1319000007	10
1320000003	9
1321000006	11
1322000004	9
1323000026	9
1324000018	10
1325000010	9
1326000004	9
1327000001	10
1328000005	10
1329000048	10
1330000032	10
1331000002	10
1332000005	10
1333000053	9
1334000003	9
1335000033	9
1336000014	10
1337000055	9
1338000046	11
1339000068	12
1340000059	9
1341000019	9
1342000038	9
1343000037	16
1344000001	9
1345000005	9
1346000082	9
1347000046	11
1348000019	9
1349000004	9
1350000003	8
1351000023	9
1352000006	9
1353000014	8
1354000005	8
1355000028	8
1356000032	11
1357000088	9
1358000035	8
1359000030	9
1360000034	9
1361000006	12
1362000003	9
1363000027	8
1364000099	8
1365000017	8
1366000009	9
1367000037	8
1368000027	8
1369000016	9
1370000001	9
1371000004	9
1372000001	72
1373000082	8
1374000007	8
1375000003	8
1376000015	8
1377000005	8
1378000007	8
1379000034	9
1380000033	8
1381000005	7
1382000013	8
1383000011	8
1384000046	7
1385000008	7
1386000000	7
1387000058	7
1388000004	7
1389000041	7
1390000040	7
1391000142	7
1392000010	7
1393000000	8
1394000040	7
1395000069	8
1396000034	7
1397000017	9
1398000005	7
1399000013	8
1400000002	7
1401000008	8
1402000041	8
1403000086	7
1404000018	7
1405000070	7
1406000012	8
1407000006	7
1408000006	8
1409000000	7
1410000032	8
1411000004	7
1412000051	7
1413000037	7
1414000031	7
1415000010	6
1416000013	6
1417000002	6
1418000004	7
1419000003	7
1420000027	8
1421000005	8
1422000016	7
1423000005	7
1424000039	7
1425000010	7
1426000010	7
1427000029	7
1428000055	7
1429000011	7
1430000007	8
1431000098	7
1432000043	8
1433000004	7
1434000045	10
1435000021	7
1436000023	7
1437000049	8
1438000046	7
1439000019	9
1440000012	10
1441000014	16
1442000011	8
1443000000	7
1444000011	8
1445000007	10
1446000004	7
1447000016	7
1448000008	9
1449000019	7
1450000003	8
1451000050	12
1452000003	8
1453000018	7
1454000036	7
1455000017	7
1456000000	7
1457000013	7
1458000019	10
1459000013	7
1460000013	7
1461000037	8
1462000013	11
1463000000	9
1464000031	7
1465000013	8
1466000030	7
1467000040	7
1468000003	8
1469000051	7
1470000010	7
1471000029	7
1472000018	7
1473000020	8
1474000016	8
1475000008	7
1476000029	7
1477000022	7
1478000002	6
1479000019	6
1480000029	6
1481000047	6
1482000008	6
1483000007	6
1484000029	15
1485000022	7
1486000009	6
1487000035	6
1488000078	7
1489000011	6
1490000004	6
1491000062	8
1492000024	6
1493000043	7
1494000019	16
1495000105	6
1496000112	5
1497000001	5
1498000007	6
1499000008	6
1500000027	6
1501000034	6
1502000044	6
1503000023	6
1504000087	6
1505000020	6
1506000017	6
1507000010	7
1508000029	8
1509000002	6
1510000060	6
1511000007	8
1512000014	6
1513000036	5
1514000017	6
1515000041	6
1516000011	5
1517000015	6
1518000053	5
1519000004	6
1520000009	6
1521000017	6
1522000000	6
1523000016	7
1524000007	5
1525000005	6
1526000004	10
1527000037	5
1528000065	6
1529000000	7
1530000002	6
1531000011	8
1532000006	6
1533000007	6
1534000043	6
1535000001	6
1536000007	7
1537000007	5
1538000047	7
1539000001	6
1540000010	6
1541000010	6
1542000002	8
1543000041	8
1544000041	6
1545000031	6
1546000010	5
1547000017	6
1548000020	5
1549000004	6
1550000008	8
1551000026	5
1552000004	6
1553000145	5
1554000002	6
1555000020	5
1556000003	5
1557000007	5
1558000031	5
1559000011	5
1560000096	5
1561000011	5
1562000018	5
1563000003	6
1564000008	5
1565000015	5
1566000016	5
1567000006	5
1568000048	5
1569000021	5
1570000038	5
1571000024	6
1572000006	5
1573000001	5
1574000007	5
1575000008	6
1576000035	5
1577000013	5
1578000004	5
1579000036	5
1580000008	7
1581000014	6
1582000005	10
1583000011	6
1584000082	5
1585000057	5
1586000021	5
1587000025	5
1588000015	6
1589000013	5
1590000018	5
1591000029	5
1592000013	5
1593000004	5
1594000013	5
1595000056	5
1596000053	6
1597000002	5
1598000012	5
1599000030	5
1600000020	5
1601000008	5
1602000055	7
1603000063	6
1604000003	5
1605000045	6
1606000008	5
1607000014	5
1608000051	4
1609000040	5
1610000075	4
1611000002	4
1612000005	14
1613000024	4
1614000106	4
1615000009	4
1616000013	9
1617000002	5
1618000042	3
1619000052	3
1620000043	5
1621000064	4
1622000055	4
1623000003	4
1624000008	3
1625000033	5
1626000020	3
1627000012	4
1628000082	4
1629000081	3
1630000067	4
1631000027	3
1632000017	5
1633000002	4
1634000111	5
1635000064	3
1636000032	5
1637000009	5
1638000040	3
1639000016	3
1640000026	3
1641000052	4
1642000012	4
1643000016	3
1644000031	3
1645000078	5
1646000192	3
1647000072	3
1648000034	3
1649000010	3
1650000043	3
1651000046	3
1652000031	4
1653000023	3
1654000023	3
1655000001	3
1656000045	3
1657000019	3
1658000074	5
1659000003	3
1660000054	3
1661000024	4
1662000043	4
1663000028	4
1664000109	3
1665000002	3
1666000024	3
1667000000	3
1668000000	3
1669000017	3
1670000101	4
1671000071	3
1672000060	3
1673000101	3
1674000057	3
1675000000	4
1676000065	3
1677000075	3
1678000022	3
1679000095	3
1680000062	3
1681000009	4
1682000018	3
1683000007	3
1684000045	3
1685000022	3
1686000021	3
1687000057	3
1688000012	3
1689000167	3
1690000017	2
1691000012	5
1692000006	3
1693000099	11
1694000008	4
1695000067	3
1696000043	3
1697000018	3
1698000008	3
1699000015	3
1700000019	3
1701000064	2
1702000000	3
1703000129	3
1704000022	3
1705000003	3
1706000039	3
1707000051	3
1708000044	11
1709000035	3
1710000008	3
1711000048	2
1712000008	3
1713000098	2
1714000009	3
1715000029	2
1716000100	3
1717000040	3
1718000069	3
1719000012	3
1720000183	2
1721000013	3
1722000067	3
1723000030	3
1724000043	2
1725000047	2
1726000006	2
1727000007	2
1728000001	3
1729000105	3
1730000001	2
1731000105	9
1732000000	3
1733000040	2
1734000015	4
1735000015	3
1736000086	2
1737000035	3
1738000006	2
1739000002	2
1740000075	3
1741000027	3
1742000028	2
1743000000	3
1744000048	2
1745000000	3
1746000076	2
1747000058	2
1748000012	2
1749000018	3
1750000001	2
1751000005	2
1752000013	2
1753000018	3
1754000110	2
1755000084	2
1756000114	2
1757000009	2
1758000091	2
1759000088	2
1760000000	2
1761000052	2
1762000020	2
1763000005	2
1764000034	3
1765000014	2
1766000104	2
1767000001	2
1768000007	2
1769000141	8
1770000114	2
1771000082	2
1772000018	2
1773000008	2
1774000033	2
1775000060	2
1776000070	2
1777000025	2
1778000013	2
1779000039	2
1780000020	2
1781000095	2
1782000122	2
1783000021	2
1784000009	2
1785000144	2
1786000000	2
1787000057	2
1788000181	2
1789000024	2
1790000104	2
1791000009	2
1792000091	2
1793000008	2
1794000002	3
1795000138	2
1796000010	2
1797000002	2
1798000029	2
1799000097	2
1800000004	2
1801000011	2
1802000005	2
1803000139	2
1804000017	2
1805000144	2
1806000065	2
1807000021	2
1808000090	2
1809000056	2
1810000062	2
1811000067	2
1812000029	2
1813000216	2
1814000118	2
1815000070	2
1816000043	2
1817000075	2
1818000047	2
1819000129	2
1820000049	2
1821000001	2
1822000150	2
1823000176	2
1824000127	2
1825000051	2
1826000123	2
1827000093	2
1828000119	4
1829000123	2
1830000026	2
1831000081	2
1832000034	2
1833000024	2
1834000072	2
1835000047	2
1836000012	2
1837000034	2
1838000038	2
1839000002	2
1840000026	2
1841000030	2
1842000399	2
1843000005	2
1844000103	2
1845000014	2
1846000054	2
1847000040	2
1848000313	2
1849000086	2
1850000077	2
1851000020	2
1852000097	2
1853000034	2
1854000037	2
1855000030	2
1856000067	2
1857000012	2
1858000102	2
1859000121	2
1860000059	2
1861000273	2
1862000117	2
1863000095	2
1864000032	2
1865000170	9
1866000087	2
1867000002	2
1868000200	3
1869000117	2
1870000033	2
1871000037	1
1872000036	2
1873000058	2
1874000118	2
1875000036	2
1876000143	4
1877000067	2
1878000039	2
1879000041	2
1880000025	1
1881000055	1
1882000181	1
1883000089	1
1884000036	4
1885000022	2
1886000148	2
1887000107	1
1888000107	2
1889000027	1
1890000062	1
1891000108	1
1892000048	1
1893000058	1
1894000115	1
1895000016	2
1896000018	1
1897000009	2
1898000257	2
1899000259	1
1900000214	1
1901000041	1
1902000152	1
1903000052	1
1904000049	1
1905000098	3
1906000043	2
1907000020	1
1908000159	1
1909000004	1
1910000003	1
1911000070	1
1912000093	1
1913000132	1
1914000061	1
1915000278	1
1916000171	1
1917000055	1
1918000142	1
1919000026	1
1920000166	1
1921000004	1
1922000047	4
1923000154	1
1924000176	1
1925000049	2
1926000250	1
1927000103	1
1928000139	4
1929000100	1
1930000290	1
1931000226	1
1932000002	1
1933000544	1
1934000043	1
1935000090	1
1936000002	1
1937000014	1
1938000070	1
1939000075	2
1940000097	1
1941000020	1
1942000030	1
1943000024	1
1944000015	1
1945000085	1
1946000097	1
1947000331	1
1948000174	1
1949000021	1
1950000042	2
1951000005	1
1952000054	1
1953000095	1
1954000023	1
1955000002	1
1956000079	1
1957000099	1
1958000313	6
1959000064	1
1960000048	1
1961000023	1
1962000024	1
1963000208	1
1964000092	1
1965000099	1
1966000121	1
1967000206	1
1968000100	1
1969000146	1
1970000040	2
1971000017	1
1972000006	1
1973000002	1
1974000000	1
1975000360	1
1976000028	1
1977000011	1
1978000310	1
1979000109	1
1980000139	1
1981000100	1
1982000042	1
1983000057	1
1984000146	1
1985000034	1
1986000240	1
1987000047	1
1988000177	1
1989000236	1
1990000021	1
1991000079	1
1992000063	1
1993000121	1
1994000001	1
1995000122	1
1996000239	1
1997000043	1
1998000082	1
1999000025	3
2000000078	1
2001000072	1
2002000016	1
2003000542	1
2004000395	1
2005000206	1
2006000101	1
2007000070	1
2008000075	1
2009000017	1
2010000066	1
2011000189	1
2012000037	1
2013000005	1
2014000105	1
2015000354	1
2016000024	1
2017000115	1
2018000018	1
2019000019	1
2020000269	2
2021000062	1
2022000056	2
2023000042	1
2024000275	1
2025000218	1
2026000034	1
2027000364	1
2028000082	1
2029000000	1
2030000170	2
2031000124	1
2032000000	1
2033000309	1
2034000354	1
2035000087	1
2036000088	1
2037000017	2
2038000109	1
2039000386	1
2040000057	1
2041000088	1
2042000206	1
2043000062	1
2044000084	2
2045000078	1
2046000017	1
2047000507	1
2048000036	1
2049000118	1
2050000251	1
2051000119	4
2052000071	1
2053000256	1
2054000031	1
2055000321	0
2056000282	1
2057000333	1
2058000029	1
2059000081	1
2060000025	0
2061000371	1
2062000261	1
2063000536	0
2064000046	1
2065000189	1
2066000010	1
2067000102	0
2068000073	0
2069000143	1
2070000038	5
2071000055	0
2072000069	0
2073000025	2
2074000126	1
2075000090	0
2076000039	0
2077000010	1
2078000120	1
2079000012	1
2080000087	0
2081000141	1
2082000111	0
2083000290	0
2084000014	0
2085000103	0
2086000080	0
2087000131	0
2088000056	0
2089000035	0
2090000142	2
2091000008	0
2092000137	3
2093000383	0
2094000009	1
2095000096	0
2096000074	0
2097000478	0
2098000107	0
2099000263	0
2100000016	1
2101000029	0
2102000094	0
2103000131	0
2104000109	1
2105000076	0
2106000048	1
2107000031	1
2108000214	0
2109000167	0
2110000048	1
2111000039	0
2112000086	0
2113000341	1
2114000139	0
2115000100	0
2116000362	0
2117000052	0
2118000165	0
2119000199	1
2120000666	0
2121000154	0
2122000005	1
2123000151	0
2124000283	0
2125000035	0
2126000299	0
2127000001	0
2128000242	0
2129000027	0
2130000086	0
2131000003	1
2132000059	0
2133000150	0
2134000047	0
2135000540	0
2136000621	1
2137000163	0
2138000068	0
2139000200	0
2140000090	0
2141000689	0
2142000093	0
2143000073	0
2144000374	0
2145000516	1
2146000466	0
2147000014	0
2148000256	0
2149000623	0
2150000037	1
2151000058	0
2152000150	0
2153000056	0
2154000029	0
2155000095	0
2156000142	0
2157000100	0
2158000114	0
2159000516	0
2160000124	0
2161000005	0
2162000026	0
2163000124	0
2164000254	0
2165000362	0
2166000580	0
2167000526	0
2168000338	0
2169000101	0
2170000135	0
2171000384	0
2172000243	0
2173000390	0
2174000512	0
2175000272	0
2176000176	0
2177000174	0
2178000465	0
2179000271	0
2180000184	0
2181000014	0
2182000290	0
2183000435	6
2184000247	0
2185000252	0
2186000224	0
2187000330	0
2188000220	0
2189000458	0
2190000057	0
2191000650	0
2192000165	0
2193000065	0
2194000117	0
2195000069	0
2196000009	0
2197000368	0
2198000026	0
2199000126	0
2200000279	0
2201000070	0
2202000075	0
2203000003	0
2204000078	0
2205000083	0
2206000029	0
2207000313	0
2208000146	0
2209000164	1
2210000071	0
2211000015	1
2212001164	0
2213000462	0
2214000031	0
2215000000	0
2216000123	0
2217000036	0
2218000360	0
2219000115	0
2220000111	0
2221000399	0
2222000328	0
2223000089	0
2224000716	0
2225000432	0
2226000425	0
2227000174	0
2228000692	0
2229000122	0
2230000396	0
2231000351	0
2232000049	0
2233000478	0
2234000493	0
2235000076	0
2236000053	0
2237000707	0
2238000307	0
2239000408	0
2240000007	0
2241000130	0
2242000071	0
2243000480	0
2244000340	0
2245000363	0
2246000606	0
2247000187	0
2248000023	0
2249000143	0
2250000427	0
2251000083	0
2252000309	0
2253000724	0
2254000052	0
2255000821	0
2256000352	0
2257000459	0
2258000423	0
2259000027	0
2260000185	0
2261000095	0
2262000044	0
2263000249	0
2264000573	0
2265000189	0
2266000057	0
2267000383	0
2268000113	0
2269000540	0
2270000269	0
2271000124	0
2272000036	0
2273000016	0
2274000125	0
2275000447	1
2276000080	0
2277000268	0
2278000392	0
2279000674	0
2280000062	0
2281000216	0
2282000253	1
2283000088	0
2284000097	0
2285000170	0
2286000023	0
2287000146	0
2288000050	0
2289000116	0
2290000282	0
2291000578	0
2292000114	0
2293000109	0
2294000083	0
2295000378	0
2296000227	0
2297000080	0
2298000212	0
2299001000	0
2300000155	0
2301000103	0
2302000150	1
2303000273	0
2304000066	0
2305000152	0
2306000974	0
2307000313	0
2308000670	0
2309000281	0
2310000147	0
2311000280	0
2312000138	0
2313000143	0
2314000129	0
2315000076	0
2316000001	0
2317000279	0
2318000219	0
2319000759	0
2320000270	0
2321000512	0
2322000265	0
2323000245	0
2324000516	0
2325000280	0
2326000108	0
2327000680	0
2328001308	0
2329000143	0
2330000217	0
2331000685	0
2332000369	0
2333000109	0
2334000142	0
2335000605	0
2336000226	0
2337001081	0
2338000471	0
2339000034	0
2340000123	0
2341000402	0
2342000117	0
2343000032	0
2344000070	0
2345001602	0
2346000493	0
2347000003	0
2348000011	0
2349000572	0
2350000409	0
2351000495	0
2352000314	0
2353000060	0
2354000550	0
2355000442	0
2356000246	0
2357000366	0
2358000575	0
2359000007	0
2360000416	0
2361000100	0
2362000004	0
2363000387	0
2364000206	0
2365000394	0
2366000144	0
2367000190	0
2368000032	0
2369001131	0
2370000045	0
2371000114	0
2372000184	0
2373000122	0
2374000010	0
2375000329	0
2376000153	0
2377000619	0
2378001640	0
2379000285	0
2380000955	0
2381000386	0
2382000521	0
2383000847	0
2384000382	0
2385000408	0
2386000490	0
2387000026	0
2388001122	0
2389000426	0
2390001474	0
2391000172	0
2392000064	0
2393000004	0
2394000105	0
2395000460	0
2396000178	0
2397000577	0
2398001102	0
2399000122	0
2400000775	0
2401000471	0
2402000712	0
2403000028	0
2404001005	0
2405000528	0
2406000376	0
2407000106	0
2408000766	0
2409000171	0
2410000651	0
2411000081	0
2412000349	0
2413000540	0
2414000510	0
2415000128	0
2416000499	0
2417000262	0
2418000328	0
2419000464	0
2420000569	0
2421000129	0
2422000023	0
2423000456	0
2424000167	0
2425000540	0
2426001004	0
2427000178	0
2428000145	0
2429000019	0
2430000235	0
2431000413	0
2432000334	0
2433000233	0
2434000292	0
2435000006	0
2436000488	0
2437001101	0
2438001610	0
2439001078	0
2440000596	0
2441000143	0
2442000192	0
2443001176	0
2444000285	0
2445000383	0
2446000794	0
2447000757	0
2448000026	0
2449001800	0
2450000341	0
2451000775	0
2452000611	0
2453002115	0
2454001574	0
2455000326	0
2456000639	0
2457000316	0
2458001346	0
2459000302	0
2460000330	0
2461000056	0
2462000650	0
2463000097	0
2464000110	0
2465000432	0
2466000005	0
2467000196	0
2468000246	0
2469000655	0
2470002117	0
2471000089	0
2472000307	0
2473000465	0
2474001550	0
2475000062	0
2476000159	0
2477000559	0
2478001104	0
2479000797	0
2480000108	0
2481000053	0
2482000084	0
2483000019	0
2484001343	0
2485001024	0
2486001882	0
2487001784	0
2488000551	0
2489000971	0
2490000277	0
2491003869	0
2492001022	0
2493000269	0
2494000914	0
2495000489	0
2496000330	0
2497000848	0
2498000553	0
2499000031	0
2500000097	0
2501000655	0
2502002245	0
2503001134	0
2504000227	0
2505000331	0
2506000668	0
2507000134	0
2508000923	0
2509002001	0
2510000214	0
2511002508	0
2512001703	0
2513000975	0
2514000053	0
2515001222	0
2516000200	0
2517001700	0
2518003288	0
2519000240	0
2520000105	0
2521000655	0
2522000660	0
2523000527	0
2524000272	0
2525000324	0
2526001976	0
2527000040	0
2528002310	0
2529000183	0
2530000738	0
2531001414	0
2532001030	0
2533000121	0
2534000320	0
2535000812	0
2536003502	0
2537001588	0
2538003634	0
2539000030	0
2540003588	0
2541000078	0
2542000308	0
2543000867	0
2544000809	0
2545000064	0
2546000676	0
2547002967	0
2548000082	0
2549000321	0
2550000803	0
2551000207	0
2552000920	0
2553002729	0
2554000742	0
2555000716	0
2556000189	0
2557000782	0
2558004276	0
2559000415	0
2560000681	0
2561000102	0
2562000363	0
2563001391	0
2564000324	0
2565000200	0
2566001891	0
2567001224	0
2568001264	0
2569000455	0
2570000974	0
2571000658	0
2572001265	0
2573000446	0
2574001138	0
2575001339	0
2576000395	0
2577000076	0
2578001980	0
2579001775	0
2580003036	0
2581000362	0
2582000434	0
2583001894	0
2584000495	0
2585000499	0
2586000458	0
2587005323	0
2588000318	0
2589000059	0
2590000394	0
2591001464	0
2592000510	0
2593000435	0
2594000458	0
2595000497	0
2596003753	0
2597000387	0
2598000142	0
2599000477	0
2600001076	0
2601000279	0
2602000768	0
2603000456	0
2604000659	0
2605001860	0
2606001308	0
2607000612	0
2608002305	0
2609000752	0
2610003495	0
2611002852	0
2612004418	0
2613000514	0
2614000396	0
2615002055	0
2616000523	0
2617005969	0
2618001627	0
2619000817	0
2620000339	0
2621001853	0
2622000171	0
2623002201	0
2624000656	0
2625004110	0
2626001736	0
2627001015	0
2628000221	0
2629000315	0
2630000725	0
2631003035	0
2632002122	0
2633000825	0
2634001884	0
2635000195	0
2636000296	0
2637000771	0
2638000559	0
2639000139	0
2640000868	0
2641002074	0
2642000469	0
2643000190	0
2644001253	0
2645001787	0
2646001110	0
2647000057	0
2648000630	0
2649000182	0
2650001339	0
2651001100	0
2652002349	0
2653001307	0
2654001121	0
2655000061	0
2656002304	0
2657002694	0
2658004474	0
2659002133	0
2660000351	0
2661002560	0
2662002514	0
2663000055	0
2664003786	0
2665001640	0
2666000534	0
2667001250	0
2668001821	0
2669000238	0
2670000638	0
2671001964	0
2672000760	0
2673000191	0
2674000510	0
2675003565	0
2676000090	0
2677000636	0
2678000933	0
2679001953	0
2680002923	0
2681003476	0
2682000200	0
2683002275	0
2684001456	0
2685003629	0
2686004995	0
2687000791	0
2688000227	0
2689000520	0
2690000953	0
2691001208	0
2692000021	0
2693000247	0
2694001862	0
2695001541	0
2696000118	0
2697000726	0
2698001609	0
2699000220	0
2700004112	0
2701000543	0
2702013230	0
2703001216	0
2704001949	0
2705001989	0
2706000413	0
2707003716	0
2708001122	1
2709005292	0
2710002740	0
2711001061	0
2712001524	0
2713000595	0
2714003594	0
2715000258	0
2716000025	0
2717004417	0
2718000369	0
2719001453	0
2720000449	0
2721006460	0
2722000701	0
2723003592	0
2724000278	0
2725000514	0
2726000440	0
2727000366	0
2728000565	0
2729002910	0
2730005883	0
2731001103	0
2732000761	0
2733000408	0
2734002969	0
2735002312	0
2736008714	0
2737002970	0
2738003098	0
2739000677	0
2740000416	0
2741002340	0
2742000108	0
2743000452	0
2744000240	0
2745000243	0
2746001308	0
2747000711	0
2748001913	0
2749002278	0
2750001910	0
2751003700	0
2752002188	0
2753001714	0
2754004466	0
2755002734	0
2756003250	0
2757007051	0
2758004023	0
2759005325	0
2760001070	0
2761010863	0
2762002289	0
2763008877	0
2764001266	0
2765000709	0
2766003384	0
2767006592	0
2768000757	0
2769003362	0
2770005490	0
2771005787	0
2772001632	0
2773005243	0
2774004449	0
2775002232	0
2776009400	0
2777000222	0
2778004290	0
2779012310	0
2780004300	0
2781003571	0
2782001358	0
2783007056	0
2784000146	0
2785003691	0
2786002906	0
2787001669	0
2788001784	0
2789005231	0
2790002172	0
2791002851	0
2792002384	0
2793002368	0
2794006327	0
2795011164	0
2796000419	0
2797000358	2
2798000395	0
2799001153	0
2800004257	0
2801000092	0
2802003699	0
2803004360	0
2804010810	0
2805008291	0
2806019031	0
2807002459	0
2808005109	0
2809003971	0
2810008220	0
2811004678	0
2812004333	0
2813016400	0
2814007040	0
2815000445	0
2816002156	0
2817001101	0
2818009184	0
2819005766	0
2820003234	0
2821013725	0
2822002992	0
2823001298	0
2824007587	0
2825000230	0
2826006940	0
2827000032	0
2828006979	0
2829000168	0
2830001629	0
2831004851	0
2832000699	0
2833002530	0
2834003834	0
2835002400	0
2836005611	0
2837003831	0
2838000469	0
2839001330	0
2840004340	0
2841006737	0
2842004420	0
2843000632	0
2844000918	0
2845001526	0
2846002130	0
2847000402	0
2848003156	0
2849002099	0
2850004500	0
2851000255	0
2852005333	0
2853000033	0
2854006225	0
2855002233	0
2856001522	0
2857000229	0
2858015189	0
2859000041	0
2860002783	0
2861012339	0
2862005880	0
2863002964	0
2864001998	0
2865014427	0
2866005222	0
2867000711	0
2868000326	0
2869001002	0
2870004435	0
2871009202	0
2872000547	0
2873006518	0
2874000995	0
2875005209	0
2876000345	0
2877016676	0
2878001311	0
2879000610	0
2880002076	0
2881004275	0
2882001927	0
2883001520	0
2884000261	0
2885003288	0
2886012005	0
2887009587	0
2888008079	0
2889001718	0
2890006032	0
2891000552	0
2892001223	0
2893001130	0
2894000552	0
2895006931	0
2896000384	0
2897002007	0
2898003144	0
2899000299	0
2900002661	0
2901004588	0
2902007080	0
2903001801	0
2904000339	0
2905004374	0
2906000306	0
2907009704	0
2908001191	0
2909009025	0
2910003194	0
2911001296	0
2912000472	0
2913002531	0
2914003259	0
2915000795	0
2916002531	0
2917004327	0
2918003917	0
2919004820	0
2920007678	0
2921005037	0
2922000771	0
2923000407	0
2924006709	0
2925006617	0
2926008895	0
2927000616	0
2928003197	0
2929011647	0
2930001771	0
2931001757	0
2932008824	0
2933001671	0
2934022645	0
2935030608	0
2936014541	0
2937001016	0
2938000698	0
2939008959	0
2940002900	0
2941001575	0
2942018984	0
2943004686	0
2944017384	0
2945001165	0
2946001023	0
2947000498	0
2948008650	0
2949001416	0
2950005572	0
2951001093	0
2952002256	0
2953003094	0
2954006604	0
2955004394	0
2956008713	0
2957009244	0
2958006166	0
2959026908	0
2960009595	0
2961008530	0
2962020067	0
2963002864	0
2964002931	0
2965005774	0
2966000051	0
2967011681	0
2968000444	0
2969001979	0
2970010513	0
2971002633	0
2972001240	0
2973001441	0
2974002526	0
2975001051	0
2976009070	0
2977003278	0
2978008799	0
2979018213	0
2980007646	0
2981012710	0
2982000662	0
2983001312	0
2984005779	0
2985000777	0
2986013433	0
2987005763	0
2988004162	0
2989001674	0
2990006579	0
2991038474	0
2992002040	0
2993005880	0
2994012096	0
2995016132	0
2996000043	0
2997009741	0
2998013629	0
2999012920	0
3000001384	0
3001015520	0
3002010932	0
3003002431	0
3004011032	0
3005007869	0
3006008087	0
3007013767	0
3008019040	0
3009002893	0
3010004769	0
3011000747	0
3012003399	0
3013000382	0
3014006769	0
3015019886	0
3016002740	0
3017001550	0
3018015335	0
3019001631	0
3020006239	0
3021012666	0
3022001296	0
3023011711	0
3024008986	0
3025023993	0
3026006320	0
3027006884	0
3028001871	0
3029003856	0
3030003107	0
3031010109	0
3032006659	0
3033020731	0
3034004320	0
3035004714	0
3036019131	0
3037010235	0
3038004422	0
3039001962	0
3040014773	0
3041001103	0
3042025462	0
3043004570	0
3044034102	0
3045008380	0
3046000138	0
3047013154	0
3048020641	0
3049000088	0
3050002899	0
3051003150	0
3052001359	0
3053003662	0
3054010969	0
3055016708	0
3056006028	0
3057000575	0
3058068959	0
3059022094	0
3060006671	0
3061056167	0
3062013459	0
3063025951	0
3064024922	0
3065006574	0
3066001495	0
3067017381	0
3068009800	0
3069005248	0
3070075766	0
3071001145	0
3072019334	0
3073033193	0
3074002980	0
3075000154	0
3076018125	0
3077002230	0
3078031627	0
3079026544	1
3080031192	0
3081004474	0
3082000899	0
3083014126	0
3084004563	0
3085025209	0
3086065835	0
3087022747	0
3088024605	0
3089052170	0
3090009635	0
3091037447	0
3092022903	0
3093001319	0
3094010522	0
3095025882	0
3096004523	0
3097005744	0
3098027535	0
3099009069	0
3100033396	0
3101009536	0
3102001305	0
3103005147	0
3104000302	0
3105106679	0
3106015565	0
3107015585	0
3108001834	0
3109042870	0
3110011707	0
3111015080	0
3112025347	0
3113026258	0
3114000861	0
3115026564	0
3116000025	0
3117012092	0
3118002377	0
3119009538	0
3120032078	0
3121014181	0
3122003872	0
3123048715	0
3124027309	0
3125020213	0
3126007262	0
3127054667	0
3128018843	0
3129040426	0
3130011109	0
3131001520	0
3132049087	0
3133008623	0
3134006357	0
3135057967	0
3136014362	0
3137005916	0
3138003222	0
3139015865	0
3140034612	0
3141014426	0
3142023034	0
3143003238	0
3144000920	0
3145004469	0
3146073634	0
3147098889	0
3148123536	0
3149112368	0
3150041785	0
3151026074	0
3152045875	0
3153004089	0
3154007196	0
3155030923	0
3156008232	0
3157019189	0
3158004820	0
3159010688	0
3160002080	0
3161020055	0
3162020221	0
3163047824	0
3164029388	0
3165049136	0
3166045403	0
3167063169	0
3168002944	0
3169019042	0
3170000896	0
3171021535	0
3172000191	0
3173018320	0
3174037131	0
3175020509	0
3176065875	0
3177024775	0
3178014508	0
3179031574	0
3180029844	0
3181042174	0
3182020449	0
3183110817	0
3184004152	0
3185026233	0
3186011578	0
3187132191	0
3188105711	0
3189024551	0
3190021227	0
3191082808	0
3192118666	0
3193070903	0
3194005924	0
3195031274	0
3196003779	0
3197000413	0
3198032302	0
3199020461	0
3200089172	0
3201028395	0
3202023501	0
3203001310	0
3204067940	0
3205006504	0
3206049558	0
3207019157	0
3208040921	0
3209218204	0
3210002576	0
3211061113	0
3212016988	0
3213014002	0
3214013015	0
3215013139	0
3216040650	0
3217018648	0
3218069776	0
3219088044	0
3220030416	1
3221354863	0
3222022195	0
3223026589	0
3224001617	0
3225195914	0
3226019590	0
3227142858	0
3228080664	0
3229046942	0
3230294315	0
3231024152	0
3232194964	0
3233015674	0
3234322778	0
3235211483	0
3236120684	0
3237152400	0
3238078461	0
3239005673	0
3240180023	0
3241201244	0
3242042961	0
3243022026	0
3244052635	0
3245077074	0
3246035363	0
3247000628	0
3248332408	0
3249009743	0
3250076670	0
3251017840	0
3252136334	0
3253038550	0
3254061652	0
3255086094	0
3256030876	0
3257282217	0
3258161225	0
3259105697	0
3260034933	0
3261021036	0
3262004290	0
3263018706	0
3264197849	0
3265167986	0
3266106209	0
3267005918	0
3268180082	0
3269080131	0
3270115041	0
3271094387	0
3272371824	0
3273037009	0
3274028711	0
3275092163	0
3276047892	0
3277003097	0
3278072844	0
3279207374	0
3280167735	0
3281064761	0
3282060616	0
3283213817	0
3284117461	0
3285029908	0
3286219317	0
3287161781	0
3288046463	0
3289088548	0
3290068317	0
3291039799	0
3292128867	0
3293353729	0
3294024040	0
3295161264	0
3296176042	0
3297232791	0
3298176889	0
3299131893	0
3300430993	0
3301045598	0
3302138138	0
3303307529	0
3304032010	0
3305096521	0
3306359427	0
3307022470	0
3308185011	0
3309008767	0
3310118883	0
3311005635	0
3312128344	0
3313043973	0
3314022786	0
3315043219	0
3316099464	0
3317016818	0
3318073667	0
3319135290	0
3320065413	0
3321034950	0
3322104059	0
3323100734	0
3324013126	0
3325112371	0
3326162166	0
3327042696	0
3328542689	0
3329082647	0
3330183483	0
3331513352	0
3332006730	0
3333499618	0
3334078392	0
3335015450	0
3336049056	0
3337301226	0
3338250978	0
3339126002	0
3340038195	0
3341186161	0
3342070308	0
3343005943	0
3344183431	0
3345590811	0
3346109207	0
3347026953	0
3348160738	0
3349042524	0
3350067000	0
3351625896	0
3352242051	0
3353197470	0
3354154731	0
3355224894	0
3356204676	0
3357066382	0
3358041624	0
3359194064	0
3360156748	0
3361465473	0
3362395608	0
3363080240	0
3364393754	0
3365234790	0
3366080940	0
3367104761	0
3368358235	0
3369498188	0
3370006879	0
3371011400	0
3372070933	0
3373018827	0
3374042860	0
3375108381	0
3376086356	0
3377252931	0
3378169754	0
3379037549	0
3380054262	0
3381008180	0
3382871978	0
3383412548	0
3384156401	0
3385638000	0
3386095895	0
3387220192	0
3388543609	0
3389274857	0
3390030119	0
3391357722	0
3392140391	0
3393354736	0
3394303370	0
3395192078	0
3396220218	0
3397022415	0
3398016703	0
3399103312	0
3400416073	0
3401104093	0
3402688009	0
3403010787	0
3404233699	0
3405013293	0
3406027149	0
3407221567	0
3408487114	0
3409826185	0
3410234347	0
3411093135	0
3412479424	0
3413736544	0
3414100615	0
3415322852	0
3416078041	0
3417074569	0
3418162381	0
3419103258	0
3420610010	0
3421166500	0
3422069625	0
3423209286	0
3424340937	0
3425046516	0
3426141153	0
3427033058	0
3428047573	0
3429029991	0
3430674419	0
3431440434	0
3432303573	0
3433692968	0
3434075672	0
3435346106	0
3436111206	0
3437536276	0
3438262281	0
3439000638	0
3440098319	0
3441092426	0
3442192433	0
3443836845	0
3444725145	0
3445148229	0
3446177108	0
3447097968	0
3448382603	0
3449189019	0
3450191452	0
3451036949	0
3452058906	0
3453313929	0
3454010686	0
3455019966	0
3456053094	0
3457001500	0
3458038622	0
3459279715	0
3460965538	0
3461040926	0
3462173191	0
3463385711	0
3464852510	0
3465573675	0
3466716103	0
3467552558	0
3468075099	0
3469062521	0
3471236100	0
3472781812	0
3473051623	0
3474001205	0
3475082211	0
3476004869	0
3477319429	0
3478208395	0
3479139753	0
3480438792	0
3481325404	0
3482730802	0
3483097803	0
3484051136	0
3485726447	0
3486028771	0
3487172382	0
3488264474	0
3489614637	0
3490314763	0
3491386488	0
3492448175	0
3493358507	0
3494024676	0
3495141500	0
3496199403	0
3497022214	0
3498029291	0
3499179795	0
3500918471	0
3501066164	0
3502015115	0
3503612007	0
3504454031	0
3505195677	0
3506254736	0
3507675228	0
3508231362	0
3509204710	0
3510171578	0
3511269558	0
3512469209	0
3513110502	0
3514176228	0
3515934622	0
3516431818	0
3518743569	0
3519172893	0
3520585788	0
3523057347	0
3524238028	0
3525465299	0
3527532039	0
3528143299	0
3529031118	0
3530300778	0
3532762318	0
3533291643	0
3534224414	0
3535878873	0
3536067421	0
3537890964	0
3538552305	0
3542247968	0
3543527902	0
3545624077	0
3548182002	0
3549048059	0
3550767497	0
3551503988	0
3554100531	0
3556308060	0
3557736874	0
3558000892	0
3559644918	0
3560322105	0
3563187787	0
3565851632	0
3566136369	0
3569436563	0
3571178263	0
3573043807	0
3575323555	0
3576606011	0
3577153540	0
3579346099	0
3580427345	0
3581295813	0
3582191495	0
3583619812	0
3584006137	0
3585165870	0
3586568889	0
3587416205	0
3588300455	0
3589301553	0
3591016152	0
3592005354	0
3593075560	0
3595434653	0
3598890934	0
3599644928	0
3601825826	0
3602137348	0
3603183131	0
3605503599	0
3606658248	0
3607298717	0
3608026184	0
3609060149	0
3610195231	0
3611148687	0
3612277299	0
3613211010	0
3614436849	0
3618021359	0
3619086195	0
3621773605	0
3622213806	0
3629412397	0
3631113640	0
3637143380	0
3638213096	0
3639556638	0
3640037199	0
3643347034	0
3653120892	0
3657657231	0
3658842976	0
3664396045	0
3668860989	0
3674198641	0
3675402813	0
3683168451	0
3684327220	0
3687778381	0
3690976309	0
3694206772	0
3706558579	0
3711148011	0
3714183691	0
3718552452	0
3722313634	0
3726467486	0
3727429598	0
3728908256	0
3729191582	0
3730590243	0
3731112313	0
3737945779	0
3749097788	0
3752287971	0
3754012925	0
3812515610	0
3884490181	0
4289886808	0
