204
190
194
184
162
150
203
189
195
184
176
170
175
191
211
200
169
171
181
163
184
173
173
182
167
164
205
105
174
184
86
64
155
202
150
190
154
175
182
187
168
145
176
177
126
166
184
180
162
183
184
196
193
216
164
236
204
152
175
189
181
212
212
202
179
217
183
215
182
174
154
179
117
179
182
199
176
106
165
200
187
201
198
184
208
169
187
85
173
180
176
61
165
180
191
189
171
198
206
183
172
173
182
195
206
210
211
160
198
206
203
190
159
192
217
190
159
190
147
193
135
137
191
173
160
185
184
163
164
112
161
207
173
153
175
203
201
161
204
146
25
33
182
176
179
148
190
95
196
185
167
185
188
201
195
181
189
108
151
146
164
187
186
147
166
237
149
174
185
174
190
165
208
212
223
210
157
64
214
162
191
172
151
202
212
219
173
201
192
198
170
207
195
219
189
177
149
197
189
192
199
179
152
215
158
197
179
180
172
204
183
203
231
221
227
191
186
204
139
166
64
160
188
192
182
105
206
149
179
168
169
175
154
191
172
174
220
198
175
152
180
163
180
165
157
204
212
173
189
170
182
204
36
208
183
174
196
184
188
185
176
168
185
213
185
148
202
197
181
147
194
157
216
184
161
225
201
199
203
176
200
172
205
165
181
182
216
176
170
168
158
206
176
30
49
133
181
211
176
223
171
185
165
201
177
76
169
201
168
165
158
206
183
186
63
165
169
113
217
189
170
211
174
189
196
209
181
181
176
158
199
132
179
172
181
209
217
203
181
167
162
162
178
203
226
176
181
161
191
211
187
179
162
175
205
191
173
172
179
178
201
182
212
180
192
172
165
177
210
39
185
191
181
200
169
152
179
207
191
176
203
184
212
188
203
27
219
170
174
166
204
28
183
195
176
193
190
178
199
165
197
179
174
183
127
188
166
210
189
176
82
152
207
180
197
186
180
209
199
181
222
222
197
182
190
192
200
170
204
196
179
164
184
179
227
167
183
182
163
185
173
213
167
166
176
175
155
176
179
201
180
173
154
187
223
172
190
196
15
194
195
212
210
195
182
170
150
163
198
175
150
184
186
227
180
211
192
222
175
168
220
191
175
208
162
157
206
200
163
196
168
197
215
195
208
182
133
213
189
231
143
187
228
191
216
191
161
168
190
96
180
192
183
152
198
178
182
74
181
172
184
174
182
194
208
198
207
220
175
172
203
187
188
158
198
178
162
206
147
179
152
177
158
182
158
193
157
182
179
205
172
176
235
208
131
176
189
191
198
53
188
207
187
183
221
127
33
208
177
195
164
168
177
175
192
146
204
197
161
206
180
210
164
164
171
193
198
207
169
195
209
120
186
174
173
184
195
194
213
197
163
195
201
183
222
198
166
167
177
159
135
219
165
173
151
169
188
188
209
168
183
201
199
34
24
212
161
211
156
184
203
223
188
218
194
142
209
29
166
162
185
213
217
180
169
157
181
197
180
142
126
125
177
195
218
168
199
164
164
211
156
179
193
223
160
200
209
206
63
182
150
180
174
166
158
206
213
195
188
217
222
164
194
139
208
191
182
200
184
199
24
198
175
179
189
128
213
200
209
159
143
185
206
147
180
31
150
186
177
189
175
174
177
200
179
193
176
194
165
187
168
206
164
178
146
190
208
121
198
186
192
219
179
184
154
20
182
185
220
178
127
200
211
168
180
190
176
174
188
163
170
184
189
222
175
185
177
193
155
128
190
210
195
183
197
203
200
167
212
175
184
163
186
164
160
190
217
198
164
157
200
222
192
173
191
208
197
158
187
218
158
191
214
135
167
196
193
179
221
207
183
208
186
185
159
184
166
191
127
201
183
194
100
182
194
117
207
189
58
192
185
175
209
198
182
218
177
158
149
169
230
199
199
176
140
192
201
177
174
34
28
171
171
75
168
125
201
173
182
219
185
186
177
223
167
186
144
185
194
166
196
184
190
177
193
198
201
168
184
167
170
173
178
179
161
183
166
172
198
166
214
38
187
172
43
188
170
180
208
180
177
207
135
161
185
164
215
172
140
151
191
142
208
151
207
174
156
195
150
149
188
132
49
148
167
183
185
184
138
173
206
201
191
201
28
166
176
144
187
206
235
203
182
213
193
162
82
192
198
186
143
186
178
142
215
180
11
176
173
186
204
208
185
207
192
202
176
186
201
210
200
188
216
196
185
175
160
40
175
159
202
185
197
173
191
205
170
168
188
94
207
144
172
195
177
168
205
202
186
178
195
202
157
211
196
213
187
167
151
189
172
177
179
185
183
209
205
136
147
189
189
196
164
54
178
158
157
165
195
177
196
184
202
202
159
151
182
171
42
159
169
88
108
175
238
209
210
147
194
156
175
150
154
173
169
132
186
176
117
206
165
62
174
178
83
205
226
145
159
198
183
119
177
224
164
172
177
160
178
192
168
207
178
168
183
56
31
178
209
197
188
179
175
206
180
202
183
209
174
142
185
190
180
208
174
64
168
183
197
154
171
176
127
223
171
198
178
188
192
147
167
199
184
199
182
166
179
172
193
168
182
188
192
180
173
172
195
209
206
165
190
178
133
170
144
107
172
207
192
149
190
164
212
181
185
33
215
183
153
190
193
186
176
184
132
193
173
184
175
143
180
28
185
199
186
159
172
122
130
189
189
175
166
168
168
178
175
181
179
173
188
178
183
169
175
192
203
187
185
150
222
199
197
218
191
190
174
170
167
170
149
160
227
160
194
185
166
162
174
170
196
130
18
171
215
183
193
179
188
166
173
171
203
179
170
205
190
187
163
164
188
24
192
228
176
178
195
185
164
201
151
154
192
145
192
172
109
186
185
184
169
193
162
154
186
180
157
190
149
138
195
143
172
182
91
178
199
176
200
184
206
195
186
196
165
158
191
180
174
174
188
164
169
193
201
164
145
186
210
196
201
200
161
190
211
198
183
181
180
61
200
167
158
163
184
168
208
222
210
144
115
208
192
175
195
114
162
130
181
182
211
203
184
184
175
140
174
194
187
191
161
190
204
145
166
186
206
189
145
175
169
157
175
162
166
180
192
171
156
187
163
183
165
161
183
149
116
168
184
186
215
189
206
170
149
92
183
198
150
188
155
189
185
192
175
182
182
182
166
173
201
151
196
157
211
194
186
151
207
192
154
192
172
187
198
160
205
205
154
174
174
144
167
190
169
139
198
48
79
191
199
187
151
195
172
166
172
190
146
166
211
178
185
27
189
178
158
45
176
209
173
211
213
160
123
187
208
118
203
196
182
230
192
143
186
207
164
154
179
178
175
234
195
187
182
176
141
181
165
204
204
181
161
213
164
160
173
191
157
158
28
203
206
191
161
193
190
178
205
132
176
174
72
144
139
186
184
204
170
161
172
163
166
176
200
231
174
198
175
209
155
82
183
173
120
155
177
222
227
169
173
193
182
221
203
194
136
182
203
167
211
193
199
187
219
151
202
202
191
183
155
171
178
178
198
176
186
209
176
110
188
34
195
151
160
177
188
189
179
187
197
166
178
139
126
161
203
147
172
177
192
183
198
161
175
186
133
178
203
188
161
158
125
164
161
162
172
176
146
165
175
149
189
178
156
179
195
196
174
187
223
157
181
229
152
175
186
181
214
167
34
199
122
181
184
181
182
182
210
203
153
130
207
180
207
166
136
160
178
185
172
187
178
191
158
178
204
173
159
116
173
217
208
189
192
182
141
210
199
210
234
168
182
176
159
189
196
173
151
187
23
23
211
184
187
206
157
197
211
192
207
191
176
28
188
166
181
189
196
154
235
218
186
205
163
177
170
195
186
205
206
175
188
201
177
224
187
185
153
157
176
156
183
171
183
215
180
171
164
40
184
144
179
187
172
185
215
187
179
197
208
151
43
186
165
174
185
224
197
190
189
198
214
205
168
188
158
174
145
191
148
170
188
30
18
181
95
187
166
198
183
182
224
198
36
152
247
180
169
197
159
199
207
135
193
26
156
150
168
97
209
174
180
210
183
172
158
173
167
201
214
166
167
146
166
174
155
169
174
195
200
187
195
143
172
180
158
182
137
177
173
179
146
190
146
187
167
179
175
162
168
195
174
186
173
235
177
203
164
173
176
147
179
220
190
199
178
182
189
176
168
204
170
193
200
199
209
195
189
150
166
182
186
209
147
167
157
181
196
196
132
194
192
167
188
206
209
154
143
199
177
207
216
179
154
225
185
170
175
149
190
169
178
204
182
205
209
190
182
175
178
227
168
195
174
179
211
197
163
176
188
209
193
196
164
171
240
88
67
190
139
226
210
149
223
232
194
139
114
156
181
194
205
172
170
205
170
151
160
143
169
28
137
187
173
162
187
29
183
127
172
173
167
172
159
190
192
195
179
152
189
220
158
201
174
192
185
173
165
145
190
185
171
173
173
156
182
198
137
184
173
189
178
214
178
179
226
194
193
162
172
206
69
217
173
172
205
191
211
168
193
205
217
154
201
160
180
183
208
169
189
193
184
188
180
200
170
148
172
163
170
149
183
174
180
170
177
208
227
179
196
175
39
166
182
196
195
102
166
199
155
180
169
141
41
218
189
205
184
129
159
215
177
186
191
169
154
200
190
162
210
113
180
191
188
182
173
193
161
203
220
171
162
178
63
194
181
187
202
122
180
146
164
12
184
152
42
208
201
171
201
172
212
171
146
195
165
160
179
182
163
148
198
176
172
188
186
187
182
161
166
203
166
191
177
170
207
192
201
206
163
195
168
195
168
172
198
176
178
203
201
183
187
168
174
209
160
137
165
191
156
160
171
137
50
202
188
160
167
177
186
205
179
155
198
165
192
180
199
178
165
171
159
215
141
157
178
190
59
194
196
215
180
200
146
208
178
173
169
175
195
152
141
197
178
184
199
202
177
184
184
148
193
151
116
208
202
151
178
191
169
198
195
169
183
137
182
143
188
197
195
171
176
180
169
160
159
165
183
58
206
174
175
185
210
199
171
185
177
200
177
160
191
189
193
120
190
188
197
176
196
201
198
179
188
177
146
202
125
192
202
174
190
102
194
187
175
164
191
191
178
232
167
65
167
197
132
144
183
210
216
164
114
180
141
151
205
195
167
198
181
163
167
220
214
193
164
190
100
203
188
177
218
122
141
218
160
197
202
143
173
183
180
210
200
158
175
188
173
170
32
218
181
162
196
181
208
33
199
199
208
180
210
199
161
184
210
211
206
191
166
176
211
196
127
167
191
192
223
181
169
180
173
184
174
157
206
187
201
52
184
183
197
161
155
60
190
203
172
142
173
167
218
177
185
199
225
165
193
220
136
210
163
202
211
130
179
207
174
163
177
169
198
191
192
164
160
150
189
150
170
157
217
225
213
183
183
47
204
194
152
222
170
167
208
200
199
200
206
191
176
132
176
160
193
168
168
224
222
218
154
188
148
195
195
204
190
202
172
188
222
177
196
195
180
196
163
189
201
199
176
136
162
176
168
173
155
208
121
212
163
219
195
150
158
189
172
150
170
191
192
215
171
191
203
190
217
180
184
155
41
186
150
184
204
178
183
178
166
197
163
232
200
171
204
166
149
189
182
170
215
177
187
199
186
189
200
142
171
186
184
163
207
166
199
171
206
137
182
185
135
194
135
166
189
147
169
147
206
211
215
191
176
140
201
192
185
178
166
183
189
192
144
146
181
192
154
149
142
179
171
125
222
132
185
218
170
176
185
177
184
144
153
199
184
176
193
192
188
203
148
175
155
195
188
193
189
175
179
186
125
164
173
189
154
186
198
42
165
140
210
84
32
187
167
177
216
182
178
187
159
174
195
196
184
29
228
188
190
161
196
223
194
160
184
147
131
177
191
159
144
189
198
177
184
191
171
179
175
165
188
172
176
173
39
203
180
187
201
185
167
182
171
172
146
198
143
182
163
170
189
168
196
200
178
175
191
214
193
182
159
205
176
138
199
95
225
177
133
177
198
163
176
168
189
169
173
188
149
201
200
200
170
199
180
163
166
170
178
178
204
198
176
219
186
154
200
188
192
195
195
186
171
161
180
193
163
175
35
163
181
140
164
204
226
218
143
214
167
176
192
177
212
183
168
197
32
50
189
161
190
197
192
191
172
137
163
194
181
206
204
171
145
191
211
241
154
185
202
174
91
184
194
159
177
204
193
203
173
216
176
202
25
14
202
189
202
168
219
149
141
123
176
183
180
177
172
193
188
155
189
170
202
194
181
195
188
167
188
199
201
199
186
214
185
134
195
182
201
42
170
172
151
150
140
196
201
179
189
186
175
204
208
184
195
165
190
167
149
169
186
214
187
209
174
175
114
172
135
202
158
208
190
181
167
163
22
31
169
174
139
158
203
202
156
172
181
186
146
130
181
144
189
196
175
186
186
147
188
207
181
151
174
139
181
211
181
212
131
185
185
210
202
44
192
180
150
193
173
185
192
176
159
149
172
193
195
162
185
192
201
149
205
211
62
234
188
167
218
185
161
159
157
200
189
179
150
168
68
162
204
187
186
175
60
175
211
168
181
187
198
14
213
191
188
169
136
87
198
166
154
161
212
149
200
175
172
175
210
155
172
218
183
136
171
189
203
179
177
190
131
149
203
200
178
198
189
183
176
142
208
189
181
104
187
198
207
172
189
187
183
213
175
213
207
151
200
186
167
188
194
199
136
163
188
166
199
226
195
151
211
185
177
156
165
181
187
181
198
202
170
148
187
193
217
135
192
179
154
168
179
205
58
190
152
207
198
178
179
203
189
167
14
166
203
188
189
164
161
27
219
194
199
204
197
143
177
159
186
196
186
179
191
185
162
90
170
189
204
35
156
170
176
189
202
169
175
174
182
196
180
192
219
187
198
208
195
187
212
69
178
198
189
178
172
222
34
190
19
159
200
193
194
129
179
197
228
198
39
165
151
174
192
195
196
180
188
168
176
158
177
178
173
170
193
211
183
169
163
179
218
197
171
192
212
147
161
180
186
209
210
183
153
131
164
221
172
208
163
199
214
176
175
206
194
37
199
167
193
193
171
183
165
168
179
172
166
166
197
173
98
180
181
179
179
180
190
183
195
182
182
207
189
222
175
139
177
197
164
208
183
179
202
192
165
192
169
163
183
175
177
159
126
149
177
185
150
215
207
183
166
201
196
179
160
173
212
183
170
202
189
173
187
207
180
156
200
167
151
193
226
177
207
193
48
203
24
197
172
81
163
187
208
219
162
119
202
198
178
198
196
194
172
181
145
172
206
162
146
195
160
153
188
183
163
214
184
190
174
177
207
194
180
164
187
204
164
207
207
192
169
223
164
165
150
180
227
176
191
223
193
191
140
194
178
222
194
191
188
181
190
135
206
185
180
154
183
193
191
186
130
218
139
165
217
174
223
185
198
177
195
192
165
200
182
201
218
179
207
177
163
180
158
139
113
180
171
203
169
150
184
188
23
224
204
187
172
201
215
173
193
154
151
161
153
190
153
130
23
140
193
180
198
178
196
171
184
195
190
183
182
177
165
192
180
179
186
186
217
169
179
197
209
176
179
186
206
165
190
178
164
170
191
159
197
157
212
193
174
133
200
159
176
194
182
40
188
174
177
185
189
204
147
180
183
150
151
67
184
197
190
170
172
203
153
172
188
177
201
185
182
174
144
208
208
203
170
207
162
126
153
189
215
186
185
217
195
207
181
197
192
198
156
16
192
173
194
181
217
168
182
159
182
167
167
137
144
196
177
173
189
226
194
199
170
144
185
212
145
164
175
153
171
219
160
199
157
228
187
184
149
192
195
148
202
178
168
164
186
186
152
191
194
164
200
145
216
156
185
190
203
154
38
194
183
189
188
179
177
161
142
194
188
167
206
181
145
193
199
156
198
174
181
193
190
146
179
183
188
201
131
188
207
190
185
204
189
173
129
183
192
213
158
156
168
202
138
205
199
159
152
183
183
186
198
137
193
175
119
154
226
161
190
184
196
169
161
171
137
133
144
203
187
177
161
191
197
137
195
206
194
178
159
219
62
140
181
147
155
186
195
165
180
225
206
182
201
190
197
169
197
152
170
201
161
206
206
184
175
162
204
185
171
195
179
179
177
154
198
165
187
156
180
167
211
134
195
181
199
187
162
169
168
210
193
135
180
198
173
178
208
197
115
202
158
184
179
173
140
169
128
141
192
166
175
137
168
189
176
181
185
178
170
177
177
149
180
191
193
180
173
178
192
186
199
186
36
169
194
223
179
212
173
122
184
166
212
196
195
219
203
176
168
168
186
188
191
184
218
212
195
162
173
197
214
195
175
198
177
184
184
172
189
185
198
203
204
191
202
197
116
205
185
219
143
210
153
189
213
174
160
170
135
218
195
163
196
190
188
203
156
167
186
196
217
198
158
182
163
172
168
25
178
173
121
171
197
212
189
205
177
182
203
171
183
206
178
210
187
166
178
162
176
188
158
198
188
197
197
175
161
169
174
143
158
169
161
200
177
206
194
228
184
172
206
169
177
24
192
190
228
226
196
199
188
179
192
213
187
184
167
182
185
213
215
210
180
193
163
177
168
178
129
189
184
154
134
165
171
197
180
179
197
203
179
44
160
156
145
197
183
190
152
198
169
183
126
201
54
24
187
182
177
171
206
198
154
133
178
139
173
176
168
192
210
168
154
173
235
190
218
180
181
152
168
162
203
175
180
169
198
185
158
203
167
193
208
216
212
143
180
159
154
208
179
115
187
187
177
173
186
178
180
192
156
152
196
135
175
185
155
178
148
204
34
21
176
186
139
185
118
185
167
204
190
184
222
180
184
183
109
166
196
158
207
163
148
182
168
142
177
222
195
125
180
193
186
200
166
197
185
201
200
173
168
176
211
196
180
196
196
153
171
191
183
173
201
179
200
156
182
188
207
205
172
144
213
157
192
186
140
161
170
199
188
166
181
160
208
186
133
210
195
146
183
172
175
153
55
183
177
162
185
170
199
176
132
147
163
179
179
185
146
186
177
175
178
230
211
176
156
197
197
156
168
110
204
194
175
191
188
167
169
194
195
153
190
148
178
183
144
159
153
191
174
211
151
162
207
118
187
181
179
196
193
190
193
179
136
165
169
210
178
190
184
236
179
187
181
166
167
180
171
171
173
181
162
199
167
185
186
168
202
225
173
197
171
193
189
163
174
195
165
137
163
199
192
106
203
195
167
191
158
180
174
194
138
162
197
204
208
222
189
168
186
211
188
173
207
161
183
167
157
189
188
173
200
183
181
167
196
193
181
178
40
213
223
181
194
164
147
149
162
188
200
177
230
239
182
112
168
166
199
169
196
196
211
167
190
155
207
187
165
143
200
172
21
182
214
228
191
21
57
178
185
195
190
175
163
178
156
201
181
150
183
177
166
196
157
196
190
179
161
175
216
176
188
189
145
187
126
90
131
178
190
162
187
194
209
149
148
186
194
170
190
232
174
185
197
182
159
171
186
152
148
191
81
201
167
135
211
169
177
164
204
178
151
206
199
177
222
13
209
182
157
176
168
197
215
170
212
175
228
176
179
170
177
190
214
181
165
182
220
181
200
188
199
238
160
187
187
175
175
164
190
98
185
128
187
187
181
199
216
209
223
162
211
209
141
188
163
166
169
211
197
209
151
179
26
170
193
159
190
184
181
147
188
204
140
212
143
184
167
194
174
91
207
151
39
187
202
163
195
182
176
193
163
203
180
195
194
185
39
203
174
169
162
193
154
200
188
221
58
194
176
154
116
180
198
163
97
151
167
183
162
204
174
186
211
173
180
216
160
159
198
171
194
199
102
212
159
215
177
191
141
166
172
167
260
164
159
185
176
144
156
162
196
166
170
185
176
152
143
151
238
184
203
175
198
194
200
220
187
172
201
205
171
206
161
197
175
172
186
167
180
171
191
138
178
193
45
176
120
167
196
198
198
127
192
210
179
196
218
185
177
181
175
184
191
206
188
199
193
181
197
194
156
33
220
212
173
226
211
139
211
202
156
192
193
159
218
148
151
170
154
237
156
175
116
156
215
157
179
187
213
195
186
191
203
208
155
140
158
157
52
194
220
172
215
197
206
156
161
173
24
173
212
197
201
180
203
161
183
160
160
191
166
158
177
181
156
170
171
208
54
191
177
156
187
137
161
178
183
179
210
174
203
193
167
188
111
174
211
178
137
178
145
185
187
174
184
193
163
196
168
161
192
208
197
183
198
234
193
152
126
167
189
179
199
169
208
148
220
201
183
185
193
192
186
173
130
201
165
173
159
42
195
217
173
175
217
206
192
189
196
202
157
142
211
180
155
185
160
149
196
144
203
214
173
213
191
206
195
180
166
182
147
66
225
221
157
228
141
183
172
173
174
184
141
220
62
147
184
204
157
200
211
147
231
159
163
186
140
171
42
142
161
197
139
189
183
206
167
186
219
166
193
169
184
202
206
128
202
126
176
193
158
186
195
191
204
25
184
204
189
228
185
196
209
219
185
207
188
174
189
31
168
206
195
28
163
160
183
197
201
177
106
163
160
208
207
208
198
202
187
216
200
194
167
202
45
57
177
182
181
175
197
182
137
30
196
141
168
185
202
157
204
204
202
139
178
183
155
215
194
156
206
208
175
191
214
182
122
166
160
170
207
158
183
190
179
157
198
197
167
198
193
186
178
210
227
175
200
204
145
183
170
207
179
184
197
181
36
170
151
207
201
163
62
191
124
179
194
166
168
169
182
197
165
204
163
204
40
61
166
201
162
198
182
29
187
167
166
165
164
194
197
198
174
158
138
149
184
162
211
198
199
196
183
221
106
163
19
184
177
213
145
188
187
186
117
202
192
74
47
208
150
201
172
196
90
88
182
180
193
136
156
171
169
167
111
153
166
176
190
202
172
223
181
190
208
190
154
173
180
176
178
207
165
149
176
186
174
191
197
143
186
223
165
188
187
178
161
186
178
114
191
176
185
177
186
169
211
227
173
196
156
144
115
176
196
173
183
191
187
204
199
183
197
168
187
171
210
154
202
203
174
141
157
152
208
109
118
209
212
189
175
188
163
201
162
115
202
169
170
140
142
203
192
201
147
132
187
137
248
197
202
176
207
160
171
178
189
210
183
172
196
140
167
147
145
179
178
175
178
169
175
132
229
164
148
194
179
184
32
160
176
205
156
204
180
201
99
159
136
167
193
188
103
168
202
182
165
142
179
180
224
138
200
202
190
176
264
179
178
137
176
185
171
205
144
193
188
150
197
198
173
167
194
180
189
203
173
186
188
125
172
223
166
198
193
169
173
202
181
146
204
184
205
23
170
186
86
176
225
30
197
150
180
199
176
178
160
231
152
223
209
184
187
182
171
147
157
188
169
178
185
40
164
197
169
172
222
162
161
189
164
201
211
184
148
179
196
193
171
169
175
176
192
172
188
181
175
202
172
153
131
224
209
177
171
198
185
159
172
208
170
158
188
144
200
184
193
168
193
173
201
162
190
186
198
194
164
169
182
183
178
145
198
201
198
183
168
221
166
209
191
221
162
204
130
178
157
170
158
197
202
192
185
199
137
159
189
178
190
174
201
153
155
220
221
194
182
187
154
166
214
185
199
194
199
152
175
171
147
153
193
221
167
138
138
55
197
192
138
161
191
155
192
171
14
187
124
188
192
206
180
190
190
173
163
204
187
201
161
156
181
145
190
168
198
178
165
200
193
169
167
133
224
207
181
184
178
203
145
229
162
167
191
189
193
180
147
198
187
184
196
160
166
200
197
181
175
189
182
190
147
175
189
201
181
194
202
165
178
55
163
167
187
32
122
165
210
193
136
175
34
177
181
185
163
179
175
186
184
159
194
214
182
176
178
173
213
208
157
191
193
210
203
162
217
169
180
190
188
151
211
215
162
177
165
199
204
35
209
178
189
163
185
167
141
182
189
188
190
226
198
167
153
174
147
110
180
202
212
186
195
194
200
183
174
151
210
163
206
176
185
147
177
127
171
178
175
188
169
191
178
182
176
174
169
154
167
189
176
203
178
162
119
191
169
168
214
152
193
231
204
188
193
141
193
195
158
179
171
199
169
196
186
172
194
194
222
161
169
187
169
159
194
152
197
176
189
146
186
163
182
211
181
200
181
114
166
140
159
182
186
165
182
150
147
200
180
175
173
160
168
181
204
172
210
151
176
133
197
160
160
178
180
216
208
165
29
188
154
189
198
164
206
198
147
195
186
183
166
187
159
222
165
150
122
183
192
166
191
32
194
222
185
201
193
151
220
181
195
199
164
55
182
62
216
172
178
203
170
205
171
173
167
154
168
154
193
196
223
41
11
138
206
166
141
199
171
188
169
188
176
180
186
216
169
105
172
156
188
187
155
155
205
180
182
158
174
196
196
198
185
185
164
234
201
156
186
163
180
210
150
177
183
185
170
197
159
164
202
159
192
185
182
202
187
199
182
196
222
192
178
151
233
166
189
171
146
167
176
172
200
159
222
41
181
176
135
214
186
205
204
186
193
200
149
158
135
215
221
160
189
166
183
85
211
213
166
205
214
184
182
175
173
163
230
189
180
37
170
192
194
61
205
212
208
178
153
173
139
193
187
161
205
168
144
200
193
221
158
194
222
191
197
214
162
155
177
192
164
204
189
158
54
154
185
189
163
197
188
160
165
204
210
150
194
124
127
172
29
178
162
183
220
178
215
180
135
183
149
165
186
181
190
186
181
143
167
127
200
208
193
204
161
192
34
209
192
162
198
192
192
155
163
178
193
229
156
198
190
57
158
188
163
181
188
181
178
185
198
169
206
192
206
150
178
212
172
193
150
198
94
209
184
152
222
128
197
168
200
174
185
179
163
175
197
188
165
199
203
203
171
194
192
169
179
154
178
198
191
196
221
186
163
180
194
174
194
163
208
204
181
221
219
212
169
172
179
170
173
204
174
202
169
189
164
170
156
155
208
184
153
152
208
202
169
198
184
169
195
177
190
186
190
185
193
195
157
177
175
164
180
172
181
203
153
197
194
177
207
209
165
173
210
174
180
155
188
156
186
187
167
185
177
131
153
176
200
180
127
134
156
170
208
161
174
211
203
146
142
187
153
170
195
213
32
205
183
148
186
191
164
149
194
163
200
192
186
178
159
177
233
188
173
202
184
123
63
170
157
192
130
203
158
172
178
203
183
186
225
160
172
176
187
170
198
237
189
206
172
32
17
152
39
187
161
175
188
141
182
176
142
188
174
174
189
226
193
225
200
194
195
184
198
198
202
170
189
154
194
50
185
210
178
176
192
180
189
153
216
182
191
196
183
189
202
187
32
165
136
165
199
174
194
180
71
192
123
146
133
195
195
177
201
163
196
164
181
167
170
192
173
201
176
149
151
184
187
215
164
192
221
121
163
205
183
162
175
178
151
156
202
201
186
163
168
189
169
184
198
148
179
216
204
197
217
174
183
149
200
182
208
131
169
173
188
189
79
202
187
179
148
167
162
186
126
175
205
47
144
157
165
182
195
19
175
152
166
205
188
171
197
129
153
166
183
216
161
185
186
130
155
165
181
226
184
196
204
228
203
189
154
194
162
191
176
221
139
132
157
182
170
174
191
195
169
212
157
193
163
187
197
153
175
126
167
172
152
173
176
196
192
170
168
160
177
227
200
189
196
170
197
206
156
184
205
137
187
168
146
178
203
201
207
166
201
222
193
210
168
166
162
190
182
194
196
177
177
190
181
193
183
159
181
157
164
201
185
194
152
131
171
173
177
194
198
199
188
189
195
225
134
206
162
202
169
156
132
175
185
147
185
167
186
164
190
164
151
196
203
186
163
153
158
179
168
112
181
148
173
177
193
198
165
171
175
17
174
221
182
168
152
158
183
216
182
164
184
161
198
209
181
178
105
202
199
194
198
178
184
192
190
185
203
191
202
135
182
175
133
170
166
184
169
172
162
33
205
193
221
172
213
189
195
167
138
222
190
64
181
192
214
192
209
212
145
185
178
50
178
146
199
178
167
214
148
197
166
178
182
179
186
206
138
225
178
217
177
167
188
23
177
215
165
196
212
215
139
209
167
185
181
216
146
183
192
206
183
171
189
147
184
225
165
193
171
179
54
37
185
148
164
28
197
191
177
222
147
181
193
182
170
178
174
190
167
170
178
29
212
180
152
196
174
168
162
146
178
216
170
167
207
176
196
189
188
210
187
183
185
191
151
170
177
180
194
206
231
142
167
161
166
183
154
187
189
207
182
51
199
209
156
172
175
186
159
162
176
196
183
147
199
151
185
143
83
199
197
151
194
161
177
199
185
130
211
181
159
176
200
140
166
174
176
232
163
186
195
183
124
203
195
178
173
178
179
160
76
208
187
60
176
178
209
210
172
162
137
173
199
198
181
161
176
169
207
193
160
61
198
143
149
190
172
181
146
230
182
185
177
228
179
186
196
167
204
160
151
183
161
184
196
172
162
172
157
208
97
179
202
185
188
169
173
188
108
210
190
181
168
189
161
206
196
178
198
167
206
199
194
177
169
193
199
175
209
187
172
195
181
207
154
184
142
190
174
172
180
180
154
174
195
160
163
202
196
174
145
137
176
161
192
197
112
152
178
225
156
220
157
183
15
169
187
188
195
181
183
167
189
209
200
198
188
164
204
172
213
226
119
191
174
188
213
159
190
177
192
167
225
174
201
133
138
201
185
171
212
169
27
214
168
210
13
170
199
169
195
208
139
196
191
207
205
144
173
217
162
174
214
177
140
170
24
194
217
210
189
164
197
195
151
173
201
150
184
114
84
136
184
123
209
177
190
194
180
150
156
168
181
219
141
200
184
164
181
180
166
190
193
197
204
201
188
182
213
174
205
172
157
208
176
195
175
197
214
48
195
244
165
203
226
156
173
182
179
159
203
174
31
144
189
172
196
176
45
172
200
180
143
183
201
172
198
213
142
172
219
161
180
169
163
174
81
153
183
176
203
177
182
183
174
203
136
157
174
229
192
173
173
198
188
163
157
136
184
168
172
192
236
194
159
174
193
176
201
216
187
130
206
200
54
177
156
176
193
170
194
191
188
184
184
203
225
216
172
188
178
168
182
177
173
184
206
149
151
176
221
106
179
182
200
181
187
178
200
179
202
238
169
188
178
192
180
193
170
180
204
203
171
200
225
145
179
189
176
62
208
195
187
178
164
143
143
164
218
200
191
139
20
186
183
207
174
183
181
46
203
201
172
188
186
186
164
153
185
18
43
157
206
165
180
194
175
191
198
196
188
166
178
158
180
187
205
172
194
25
157
179
197
193
194
199
185
176
168
190
189
175
166
175
179
178
190
182
164
170
166
190
146
147
170
195
235
176
187
148
173
167
157
182
171
163
170
199
197
224
229
141
144
138
168
177
169
199
180
213
201
170
127
188
151
153
209
208
193
195
197
135
172
200
166
223
157
122
160
30
151
179
194
174
169
168
196
218
194
196
183
169
202
151
179
186
189
180
164
170
140
151
182
176
178
189
152
164
193
142
193
165
185
167
187
199
207
198
186
154
195
191
174
212
198
188
229
170
158
192
160
137
159
167
160
193
184
169
182
106
180
207
193
153
161
197
196
149
154
206
131
188
119
194
159
187
190
165
192
203
187
184
139
154
145
173
168
171
126
172
162
173
197
152
210
212
172
168
160
206
108
166
191
181
129
189
201
187
215
225
184
161
171
156
166
172
199
135
189
194
203
164
186
185
206
182
202
185
207
211
232
177
199
217
60
187
191
201
156
172
187
203
60
174
156
182
126
224
182
206
201
206
202
177
178
158
208
221
181
193
158
166
220
158
178
218
131
191
202
166
173
193
157
174
197
216
183
192
209
134
161
179
194
188
168
162
189
163
198
154
189
195
179
200
201
190
189
171
183
181
201
194
180
172
189
171
192
174
150
197
208
122
188
192
202
183
175
216
180
102
197
208
104
171
180
197
183
190
195
166
187
185
181
159
196
199
191
165
160
134
142
190
181
181
167
168
126
166
165
189
187
36
180
209
144
179
161
183
183
201
200
225
193
180
69
201
174
182
158
216
77
98
207
167
191
181
169
194
198
178
158
182
193
178
169
160
196
148
197
182
209
152
195
205
214
161
185
165
208
191
210
200
111
166
171
181
161
193
169
175
154
216
169
197
183
184
183
202
174
214
204
202
158
199
165
167
175
200
169
170
153
183
161
176
201
230
179
162
135
148
186
134
164
145
99
185
138
223
158
170
176
240
177
181
208
196
173
193
188
191
190
188
157
200
132
153
183
186
158
167
190
164
180
208
179
206
180
191
198
185
194
210
166
201
182
203
170
194
185
174
65
198
166
195
189
186
195
204
163
233
222
167
169
202
233
183
185
154
137
174
192
175
209
172
169
174
190
69
185
183
182
185
195
174
194
204
168
19
176
163
144
178
182
171
157
179
147
201
190
231
141
182
150
206
199
170
160
212
185
179
178
152
151
187
221
195
160
201
162
181
71
200
141
220
175
144
206
151
168
178
207
163
169
155
204
169
182
187
196
160
132
185
201
186
200
99
174
149
184
213
179
193
200
153
180
183
178
187
32
180
210
153
200
144
178
169
166
147
173
166
190
183
185
125
185
172
170
183
201
161
202
204
77
33
191
182
190
168
210
200
178
168
179
197
41
184
171
173
193
174
185
194
193
196
198
179
150
181
192
232
209
175
193
185
151
207
173
168
217
198
167
198
180
163
127
201
148
180
152
181
192
190
170
180
155
155
194
157
204
198
196
207
158
195
176
189
196
165
179
180
184
180
153
179
193
198
188
47
150
182
214
195
207
223
200
198
182
209
175
217
205
178
165
190
173
185
190
175
178
142
181
204
186
203
179
202
190
196
177
98
166
174
225
196
156
156
190
194
189
177
209
201
182
180
184
168
179
179
151
205
175
174
190
164
178
188
180
193
128
192
181
21
186
168
179
185
162
176
182
167
174
197
179
162
203
201
180
165
228
199
186
175
204
175
215
173
159
185
197
183
151
182
192
196
194
220
182
184
155
199
189
161
203
173
196
165
175
154
161
187
170
156
174
163
221
149
188
192
173
199
167
187
167
212
127
198
195
157
237
162
85
179
215
181
163
144
209
182
191
172
204
181
139
12
154
196
177
218
174
202
139
167
189
197
197
197
221
198
200
156
164
175
21
200
168
185
204
185
175
195
213
190
174
187
168
130
180
217
197
188
188
200
35
144
158
131
203
165
238
182
177
173
206
190
183
195
172
180
191
207
179
191
195
185
169
23
173
220
99
211
188
192
157
168
190
196
181
169
208
190
157
170
170
207
183
196
189
217
205
144
161
36
190
50
194
182
200
215
190
36
168
192
166
224
191
171
116
178
179
140
182
217
148
196
186
186
69
194
211
197
192
189
207
170
167
194
151
190
172
207
207
129
182
171
173
214
214
175
185
181
170
198
130
216
178
159
182
165
208
180
131
198
174
182
202
182
206
185
176
150
194
215
207
191
170
197
239
180
180
164
169
232
170
179
165
170
199
32
199
198
183
195
196
182
164
152
199
162
202
181
189
173
165
70
192
200
182
142
27
220
203
166
153
148
191
163
181
174
171
179
198
191
233
195
168
188
168
163
193
159
207
179
161
165
181
178
199
176
141
174
220
183
156
177
215
167
179
167
193
185
193
144
199
173
180
207
205
112
139
180
207
197
169
207
200
197
175
180
191
205
202
194
199
197
188
177
179
235
186
194
168
169
192
200
196
179
182
219
197
176
178
176
186
185
178
207
213
153
204
157
230
176
163
195
179
180
163
157
54
165
198
184
176
198
192
167
190
210
189
166
156
180
187
87
176
202
189
179
113
156
185
178
163
185
180
196
198
212
187
134
121
206
214
85
166
181
194
188
194
200
165
174
194
140
33
209
191
191
135
132
179
165
197
180
175
193
179
195
211
191
42
200
169
197
169
139
177
193
152
208
165
135
171
213
173
165
173
153
168
190
208
191
194
199
176
144
187
185
195
201
206
177
24
162
189
174
190
188
209
205
168
204
160
217
192
148
157
175
179
197
212
224
181
181
194
200
197
176
172
136
160
192
173
191
175
188
176
151
193
193
163
164
152
199
185
205
195
151
194
208
184
174
213
213
167
174
191
185
214
62
213
191
188
120
208
207
170
171
188
218
211
196
172
197
203
176
155
203
167
169
162
200
162
208
177
214
174
213
184
156
178
176
184
192
196
135
213
194
195
176
148
173
171
159
212
184
196
198
141
223
211
178
177
191
186
174
191
187
188
189
177
176
200
215
161
139
192
185
201
193
176
187
185
170
198
198
161
183
242
181
201
191
173
187
164
188
172
183
171
187
178
168
143
173
179
134
172
191
126
182
179
184
203
189
204
231
169
186
198
136
184
227
144
186
190
205
200
197
190
190
214
193
205
46
258
160
202
184
209
146
193
201
178
205
195
193
187
161
158
194
212
194
165
192
113
156
172
180
140
167
203
186
204
180
139
186
196
187
194
190
180
158
183
199
180
164
202
90
179
37
103
154
168
181
209
214
197
26
149
187
183
144
128
195
180
170
203
157
182
156
170
181
179
176
186
219
242
209
185
169
165
182
187
170
174
167
216
185
159
198
201
198
169
200
190
144
173
189
163
207
177
192
176
124
172
143
171
200
134
184
183
180
210
189
176
184
177
165
190
66
143
211
199
210
206
207
176
190
168
187
161
203
201
198
196
149
233
177
213
176
206
192
171
174
180
178
191
192
196
233
196
177
198
188
178
203
214
201
171
199
146
208
206
186
182
201
231
192
174
203
211
166
162
209
167
200
123
182
189
133
162
186
205
184
170
168
202
170
184
162
143
197
184
185
193
138
194
178
152
203
190
201
194
178
172
138
228
185
157
168
164
181
189
176
199
56
186
187
197
216
178
207
143
157
177
143
36
238
187
174
203
190
207
195
151
200
178
137
206
208
127
205
188
197
212
162
188
186
163
209
194
208
225
198
120
205
168
156
179
157
180
193
186
138
147
161
175
149
187
190
159
157
177
167
202
161
173
186
158
196
173
179
194
196
210
186
206
174
171
189
164
136
161
182
213
162
224
165
28
26
27
208
183
152
135
210
203
168
175
212
157
185
174
198
176
221
129
186
194
180
195
178
203
197
188
204
220
109
145
151
167
175
160
193
189
177
211
187
232
51
198
186
182
176
179
159
241
165
134
180
179
168
219
191
172
190
163
172
181
166
160
151
177
181
207
203
187
199
192
188
204
173
166
211
199
171
186
177
188
174
192
203
142
166
173
239
194
174
187
206
163
191
156
192
185
175
211
149
161
216
161
167
192
193
189
202
188
174
195
197
178
200
144
162
185
186
113
212
220
175
191
177
175
148
161
171
198
169
218
182
185
166
205
130
175
203
188
176
167
176
175
199
155
177
188
179
202
201
174
165
202
219
114
188
195
172
210
38
210
116
215
186
193
211
202
167
165
188
159
205
214
184
188
200
204
186
178
187
162
200
201
164
180
156
184
190
191
173
187
207
219
230
171
187
200
190
182
191
177
175
187
194
138
195
149
137
143
189
177
225
221
204
182
189
202
168
196
156
202
203
155
96
186
160
184
157
219
201
200
154
204
202
169
158
189
198
158
195
152
205
56
156
165
183
189
35
180
147
139
169
131
205
131
151
164
151
180
194
179
162
209
190
206
190
167
166
181
174
207
190
165
177
199
158
222
166
218
150
170
166
175
200
197
194
171
194
195
172
158
170
161
174
152
150
206
226
179
183
187
174
145
128
121
194
188
188
163
195
195
152
148
198
189
209
192
202
214
182
161
206
149
220
153
164
162
200
174
165
204
201
145
206
179
150
160
205
61
201
172
137
172
203
212
161
195
196
125
168
194
203
189
161
164
150
141
140
205
178
169
227
185
194
181
190
198
202
182
194
194
214
208
162
159
202
194
204
201
208
188
183
164
179
152
188
186
167
190
165
188
154
218
181
194
151
176
212
35
187
188
211
63
165
218
209
180
167
182
177
184
193
177
174
119
175
182
212
203
201
208
201
203
205
172
165
200
206
180
178
170
192
157
187
189
202
183
166
166
132
155
221
176
146
193
210
209
213
161
152
178
165
192
36
169
164
185
167
223
203
145
168
202
164
167
208
190
168
195
167
198
193
206
182
242
171
219
174
182
178
200
235
191
196
165
148
148
192
152
159
172
207
178
177
160
259
207
202
141
188
198
181
50
29
202
174
202
185
181
177
179
169
192
167
186
168
167
133
167
177
141
178
139
186
145
199
168
34
140
207
198
157
178
157
176
171
147
194
184
159
192
168
196
199
203
152
148
230
199
203
176
158
166
181
169
199
178
195
187
184
167
187
31
135
204
158
188
178
165
192
193
169
183
190
164
196
178
165
177
47
190
184
149
206
161
199
162
172
225
185
148
180
212
185
171
174
13
17
143
194
194
188
177
186
203
202
183
201
181
183
192
183
178
190
167
184
131
165
124
177
180
167
199
215
170
211
178
194
179
145
227
180
186
224
131
154
192
187
188
128
197
197
187
183
142
184
193
173
212
200
181
164
185
219
157
183
169
180
185
181
188
190
147
175
215
163
169
174
200
153
194
216
198
189
160
199
54
28
171
189
184
166
177
169
178
222
159
189
211
130
178
185
173
154
151
186
168
221
187
182
199
204
164
199
218
192
195
211
197
192
219
182
211
185
212
154
209
165
176
168
141
181
212
163
204
162
190
211
189
179
200
211
141
158
162
135
167
188
192
191
189
196
175
181
187
171
210
188
168
171
173
186
190
145
185
152
165
167
214
201
202
191
189
34
185
203
184
188
194
160
179
182
194
178
191
183
178
172
207
190
178
194
169
202
159
218
193
186
170
131
193
175
192
165
174
177
176
200
198
171
163
191
212
165
199
196
218
226
155
163
172
197
218
167
176
35
174
180
58
25
200
174
193
171
186
182
200
174
183
189
217
181
158
198
201
132
178
198
173
192
189
140
181
214
206
231
33
198
156
238
181
175
158
196
34
155
229
198
199
185
174
193
176
151
200
162
167
205
142
207
202
162
163
183
175
162
190
198
182
159
185
206
194
182
171
184
177
167
152
188
137
192
69
194
200
172
179
157
174
178
200
191
167
202
204
163
161
211
179
143
166
181
180
167
213
215
180
171
113
182
154
186
103
205
149
182
192
176
145
180
193
23
184
178
178
196
180
156
171
132
201
11
26
219
171
205
184
172
200
172
192
218
182
199
181
167
159
174
217
204
184
199
196
160
203
216
175
178
212
160
189
183
180
149
210
170
208
183
181
176
186
106
149
224
150
177
182
192
194
178
202
153
188
124
181
175
86
166
193
202
173
202
199
209
179
187
187
189
177
169
136
201
177
191
168
198
182
196
173
223
224
162
213
179
142
208
196
193
202
190
138
177
206
193
150
135
152
202
166
150
178
178
211
189
196
142
183
190
176
172
192
156
162
198
157
185
161
143
223
146
177
139
166
174
185
187
171
175
187
202
196
192
170
201
132
201
221
142
191
162
159
165
138
207
210
185
181
92
187
206
221
27
178
149
159
187
211
174
184
199
186
169
188
176
228
199
164
158
167
136
185
184
177
132
163
213
189
69
34
191
191
206
153
102
86
137
208
175
206
211
166
100
167
195
153
179
146
188
26
207
173
125
166
107
199
181
195
154
178
207
229
160
181
150
161
151
159
183
188
173
181
139
186
166
203
202
209
234
213
188
208
195
204
166
143
161
171
159
161
197
193
178
210
179
183
141
202
175
230
188
184
170
192
189
179
195
144
129
182
169
192
199
189
165
180
232
213
204
144
229
161
168
196
192
177
191
211
186
71
180
200
183
160
177
205
201
186
152
182
179
185
184
200
146
158
181
218
219
172
195
175
152
179
154
201
229
188
147
155
178
158
29
149
28
195
153
207
199
158
179
175
190
167
174
221
187
187
165
152
176
189
209
170
205
190
194
198
140
165
173
180
205
174
165
183
174
178
194
170
205
168
207
194
155
178
183
153
186
179
181
198
145
181
189
152
179
192
193
176
167
186
192
151
178
197
204
194
225
186
205
195
152
190
153
162
208
184
195
190
172
24
20
209
57
186
211
162
165
147
173
163
203
172
168
223
221
190
206
190
178
175
140
201
165
180
164
200
188
63
188
216
174
195
171
198
203
36
195
195
171
136
201
174
174
178
213
30
204
165
194
188
183
162
134
162
144
135
180
170
184
186
168
171
192
150
165
198
165
166
207
178
186
185
214
217
201
185
190
174
193
172
161
68
167
31
187
192
168
194
190
176
199
184
215
165
184
188
202
144
205
148
200
209
156
156
196
160
197
198
170
173
161
158
186
199
189
163
207
178
135
132
208
137
169
169
146
170
176
215
207
175
134
174
146
203
167
195
191
156
187
160
179
204
193
161
141
183
228
168
179
178
184
189
131
111
216
190
172
189
179
178
187
121
183
165
185
187
187
203
171
192
180
229
168
164
144
183
159
184
168
205
210
