146
126
153
140
120
116
144
158
162
161
157
160
129
84
96
106
102
95
186
184
73
80
94
70
90
64
195
150
139
149
137
155
104
109
25
25
33
35
35
34
34
167
161
118
103
64
62
62
67
67
33
33
33
174
174
172
172
146
146
146
146
146
65
36
32
32
28
28
141
141
216
30
21
21
24
24
49
54
49
49
54
133
133
132
132
132
205
201
56
63
56
127
116
118
39
41
41
38
38
27
42
42
25
28
28
22
34
34
34
156
149
125
193
122
82
82
82
53
53
196
195
195
194
148
146
147
201
182
182
181
182
182
15
15
168
89
106
103
104
102
198
162
50
49
44
50
44
125
126
129
129
125
33
36
36
38
38
161
152
186
127
125
200
200
196
196
196
152
130
125
111
139
31
29
24
24
37
37
188
186
149
142
154
153
149
151
152
142
56
171
160
160
151
146
149
142
122
159
128
30
9
21
169
126
131
129
131
123
31
31
31
18
32
154
158
154
210
173
159
176
145
168
28
22
129
127
125
128
127
187
187
186
183
172
102
111
107
114
96
63
68
56
150
140
143
149
149
140
140
140
46
46
41
41
35
28
44
44
32
32
66
119
182
175
183
164
167
174
160
151
148
120
115
38
36
36
37
37
43
36
36
39
39
159
92
95
87
188
45
30
36
49
56
34
53
32
189
133
104
77
82
77
91
40
40
40
48
48
176
56
55
92
69
48
63
60
57
55
49
116
110
124
114
114
77
56
59
55
55
168
121
125
103
141
128
107
107
106
103
96
141
138
117
33
32
32
36
36
149
128
139
150
124
193
165
127
157
159
158
28
28
159
136
131
134
144
134
175
197
192
188
188
188
218
130
145
30
30
23
23
34
184
174
24
24
22
22
22
123
116
97
118
117
177
174
183
183
148
146
154
157
166
168
160
106
54
52
54
52
195
112
110
99
100
95
112
113
109
106
103
151
141
146
138
110
84
198
177
158
143
122
189
182
137
136
151
140
139
190
134
132
129
133
134
198
48
46
46
41
41
27
32
32
21
21
41
53
41
212
180
147
116
116
120
121
121
186
127
137
158
147
145
136
110
28
28
65
65
72
67
62
139
144
144
135
135
184
149
146
144
142
143
175
74
62
57
157
165
124
128
126
144
110
34
32
32
25
25
147
183
183
176
182
183
161
34
37
37
22
32
202
103
103
100
148
173
121
156
145
21
187
32
164
164
159
159
156
162
142
150
136
40
40
40
42
42
187
187
21
22
38
34
38
200
141
122
138
146
123
154
147
121
133
117
30
39
39
32
32
181
36
32
32
38
38
247
169
26
40
40
37
37
151
150
150
145
167
153
152
154
138
153
146
189
143
151
143
149
146
122
156
156
181
29
38
38
37
37
172
166
185
162
153
207
205
205
205
205
77
74
60
56
56
21
21
21
165
165
158
158
158
205
179
169
168
133
172
40
34
115
56
56
53
49
159
159
159
159
159
173
108
109
108
105
106
59
55
52
56
166
153
152
12
12
25
25
25
41
49
31
47
43
163
106
103
170
170
184
162
156
164
161
198
131
122
120
140
138
106
126
34
44
155
165
172
135
147
120
59
57
57
52
52
152
148
147
150
145
138
136
128
124
149
199
175
162
163
131
119
91
168
166
169
163
163
114
114
118
154
55
50
59
190
183
185
185
185
190
84
104
94
91
135
59
60
117
138
119
129
155
117
243
197
31
38
37
26
25
33
33
33
36
36
136
136
142
182
52
31
31
53
53
52
56
51
255
179
163
159
163
163
163
17
148
117
108
145
121
47
51
51
44
44
169
208
113
107
170
41
42
42
34
34
178
150
201
201
118
116
110
178
169
222
148
109
91
189
42
35
35
36
36
32
28
28
26
26
126
33
45
19
19
19
39
43
43
35
35
113
94
113
94
98
224
176
104
108
107
107
176
156
30
28
20
31
218
192
32
30
30
38
38
49
41
54
161
172
155
193
179
142
138
132
137
141
128
77
88
103
82
25
20
20
15
23
155
195
42
42
42
39
39
188
127
156
189
188
187
189
194
181
22
21
21
17
17
31
22
22
27
27
134
159
130
142
130
174
181
174
185
44
41
41
44
44
174
172
171
170
54
54
55
166
55
61
62
66
72
87
87
87
73
73
162
138
112
131
126
128
126
130
142
203
102
99
104
100
104
149
137
130
129
124
137
137
117
125
129
177
177
176
176
135
113
116
59
52
52
49
198
14
14
27
30
30
21
31
204
154
76
87
95
103
75
35
133
196
34
30
30
36
36
19
19
115
146
107
123
110
36
51
51
41
47
173
178
178
178
172
172
215
216
215
215
206
214
37
40
40
32
32
197
133
149
133
140
147
157
177
170
170
164
170
162
215
145
144
139
201
45
26
80
83
83
75
75
151
175
191
105
107
97
91
103
154
118
160
124
151
127
119
119
123
118
23
23
22
22
22
151
152
150
152
148
23
23
159
150
151
127
112
205
153
151
144
140
156
138
134
40
40
40
29
29
158
140
134
175
132
56
56
185
150
116
118
117
14
14
14
154
123
133
130
146
136
162
176
147
124
126
126
156
185
185
150
122
112
99
188
173
159
157
148
151
128
128
123
142
151
145
116
148
146
103
104
99
95
93
111
115
113
120
111
180
175
137
157
145
36
37
37
37
37
223
112
60
151
133
120
105
113
25
24
24
30
30
24
24
18
18
18
220
214
213
204
163
116
114
45
44
43
138
133
139
137
116
60
56
133
136
116
117
93
117
117
114
124
122
105
144
147
128
113
140
186
186
154
141
139
105
168
132
130
122
120
123
130
148
148
179
178
176
178
178
189
154
185
170
138
109
102
110
106
110
153
153
153
178
170
174
174
173
160
116
108
113
109
112
147
118
118
106
153
40
38
38
39
39
110
21
21
21
22
28
28
28
57
57
57
55
55
185
169
149
149
133
178
182
81
81
81
65
65
148
222
176
138
161
163
151
150
147
147
129
181
181
173
177
173
98
98
98
86
86
32
32
32
187
184
110
188
147
127
131
135
127
91
91
91
80
80
39
49
49
44
44
41
30
54
54
41
51
50
55
97
103
103
86
86
171
105
212
126
18
23
28
231
191
191
45
45
45
39
39
132
118
108
115
33
27
27
33
33
139
52
60
19
21
22
26
16
37
37
54
55
191
189
185
186
186
142
135
131
114
143
160
136
157
142
152
34
24
21
23
24
181
182
180
183
181
62
62
44
67
45
65
184
184
180
180
179
42
42
42
44
44
187
25
25
25
25
25
228
209
33
33
41
33
28
34
34
32
32
106
105
106
99
101
162
162
156
156
133
179
51
56
29
35
52
136
137
113
113
113
30
28
28
23
23
178
183
126
118
129
120
117
179
39
37
67
55
67
47
58
90
98
40
35
38
42
36
57
56
29
40
36
33
36
162
199
182
156
126
121
94
104
93
97
97
19
17
213
102
208
123
179
170
181
173
172
105
115
112
112
112
177
188
109
111
111
131
131
154
160
157
151
133
187
128
112
113
119
110
113
202
121
126
138
115
120
138
138
136
140
136
32
38
38
27
27
96
108
118
20
19
22
21
16
67
30
24
31
16
40
47
47
52
52
175
175
175
169
169
188
180
120
155
116
126
113
178
139
87
92
91
169
169
138
14
14
145
132
222
195
193
202
202
188
197
55
60
36
36
36
36
43
34
36
36
34
34
177
217
136
175
146
171
151
24
30
28
37
141
112
136
132
131
174
181
155
164
170
170
121
126
100
113
125
185
145
118
112
126
139
118
128
123
134
145
165
158
132
90
156
171
158
146
125
34
33
36
28
38
198
206
183
154
32
31
31
25
25
194
154
155
151
128
150
55
56
48
55
54
109
110
106
111
97
190
185
185
182
173
172
183
41
44
44
18
18
184
37
34
34
30
30
56
42
39
44
40
57
53
154
29
29
188
172
163
133
127
34
23
23
38
38
183
56
62
137
106
151
82
93
71
73
72
139
148
133
206
208
204
208
200
153
150
154
116
144
130
161
32
35
35
32
32
123
123
116
112
102
55
59
52
36
36
25
25
25
39
39
28
140
50
50
50
34
34
154
155
153
147
150
32
39
39
35
29
199
61
66
58
133
133
133
136
136
155
168
185
148
184
138
135
135
89
76
80
82
84
69
171
47
42
42
44
53
150
19
19
170
123
164
168
156
115
132
193
201
92
90
145
110
138
141
104
171
147
140
148
149
140
113
17
17
31
31
31
110
107
33
29
29
32
32
195
119
119
122
59
55
52
60
144
150
140
124
133
50
46
46
50
50
146
167
150
159
185
54
51
51
57
61
37
36
27
31
26
25
24
24
29
29
160
150
140
128
135
190
159
158
163
168
159
161
56
57
53
37
43
183
180
178
83
83
83
74
74
52
52
52
52
42
76
76
76
66
66
56
53
50
130
132
103
90
57
57
171
163
182
196
96
199
27
27
27
168
177
175
177
176
175
177
196
167
167
134
161
127
164
156
15
15
14
14
14
108
150
145
162
179
179
89
17
20
18
20
11
11
11
137
31
26
26
22
28
150
151
151
152
151
49
136
137
125
125
126
124
129
193
174
48
56
56
45
45
145
134
134
134
174
46
54
167
167
166
161
81
81
81
88
88
188
58
53
205
170
163
160
160
155
155
172
199
55
55
51
22
17
13
18
46
39
39
203
174
148
147
128
18
18
18
18
18
43
43
43
44
44
28
23
166
128
110
155
132
125
136
126
152
153
150
149
146
30
35
35
30
30
118
158
100
105
100
107
107
131
103
91
130
154
144
154
136
56
62
55
48
184
182
171
175
177
97
135
139
100
135
144
87
106
106
93
70
105
110
107
104
107
162
156
151
148
148
132
160
39
46
70
25
58
177
177
69
137
183
183
97
102
106
106
122
162
183
157
136
148
120
119
150
142
169
122
117
118
57
55
69
69
69
72
72
19
19
148
134
177
134
142
142
143
133
74
62
61
62
74
114
117
104
92
89
82
76
161
32
35
35
31
31
183
109
161
161
155
148
148
33
31
31
21
21
41
42
42
42
42
117
153
157
198
47
58
58
58
58
151
145
140
190
116
127
134
126
130
122
192
21
27
27
19
19
131
173
173
169
196
165
162
165
167
163
126
124
122
118
110
175
164
159
161
143
85
85
85
79
79
167
167
181
150
161
125
122
140
122
12
12
13
13
13
198
200
151
155
157
154
148
24
132
75
75
75
75
165
35
37
37
32
32
21
22
32
22
30
100
100
98
91
90
176
138
113
157
125
28
33
35
29
32
51
48
52
36
38
38
40
40
112
142
140
120
125
178
175
177
177
179
157
158
143
137
133
114
116
138
177
167
167
32
32
29
47
34
152
67
185
192
147
114
120
27
28
28
19
19
150
163
165
101
156
127
186
168
58
52
69
60
57
87
87
87
66
66
113
132
204
175
180
174
172
174
33
32
32
23
23
192
135
135
135
135
135
42
48
48
31
31
122
119
169
146
164
195
171
172
171
166
35
124
176
176
145
135
191
121
122
120
122
68
60
65
170
110
104
135
120
115
151
137
125
119
200
201
171
124
157
149
144
159
181
156
143
119
148
116
46
49
49
43
43
158
180
176
171
171
171
90
89
89
92
92
37
37
37
33
33
93
97
78
89
87
26
24
24
33
33
182
123
182
132
119
115
124
170
170
115
119
120
150
142
145
133
147
134
168
161
153
168
103
127
56
57
36
36
36
35
35
143
143
143
143
140
137
182
155
154
155
155
147
153
224
33
31
27
38
29
29
23
124
124
118
119
114
190
190
177
188
116
106
87
93
117
167
173
172
173
168
169
160
171
181
186
149
188
160
154
153
156
156
174
167
177
170
200
176
186
184
180
165
149
38
43
43
43
43
202
202
205
198
198
162
132
131
130
129
131
128
136
142
123
113
225
223
220
221
218
197
155
96
94
88
89
98
186
198
179
35
37
37
39
39
128
127
127
134
127
109
113
186
184
183
170
170
194
162
67
65
53
68
51
172
174
169
140
187
192
183
173
132
165
35
34
34
37
37
188
63
69
69
93
206
174
144
193
145
160
142
134
182
168
167
31
31
34
35
32
134
182
179
172
145
178
53
56
139
138
138
137
121
34
35
35
32
32
136
136
180
31
34
34
27
27
47
42
42
31
31
13
17
17
14
26
136
127
128
130
129
143
123
141
126
124
96
175
173
170
57
66
57
138
129
133
131
139
154
178
180
159
198
133
161
94
149
34
41
41
34
34
113
197
200
198
160
157
147
186
192
187
177
173
153
199
169
139
158
157
172
161
143
121
172
168
168
168
164
35
26
27
26
27
58
55
68
66
33
34
34
17
17
95
106
34
36
36
36
36
172
172
161
166
69
69
69
72
72
168
167
172
157
165
170
114
108
117
90
115
23
23
14
14
14
132
11
22
22
20
20
213
164
165
165
5
182
178
170
180
184
106
116
116
115
115
78
92
86
82
68
137
121
154
148
100
121
138
151
127
119
152
134
131
121
87
67
59
193
146
67
27
27
131
132
136
142
132
135
59
104
139
124
120
136
134
103
104
104
77
94
135
131
128
134
136
206
134
26
35
35
19
19
125
124
125
123
193
200
149
160
146
154
131
175
122
161
161
154
124
127
162
122
178
176
177
186
167
78
88
106
99
80
147
147
152
152
93
29
27
27
22
22
19
21
25
17
19
175
184
149
146
146
147
109
108
194
164
24
24
25
25
25
54
54
154
154
152
152
152
177
182
156
163
142
144
140
142
138
63
67
68
84
65
36
23
23
20
20
136
134
132
134
132
201
30
30
30
21
21
118
116
173
135
125
142
137
134
140
180
177
165
157
157
73
31
32
32
33
33
126
132
129
137
137
164
168
132
151
189
157
