2174
2015
2252
2146
1954
1974
2423
1721
1764
2182
2358
2153
2081
1911
1934
2168
2477
2154
1575
2141
2284
2019
2098
2192
2126
1916
2308
2215
2084
1893
2327
1666
2094
2161
1853
1685
1629
909
420
253
203
1774
2390
1701
2480
1734
2090
2141
2268
2090
1789
2003
2099
1070
2217
2216
2106
271
243
246
162
105
233
11
14
201
2268
2237
2338
2230
2351
2013
2562
2315
1776
2127
1612
2131
2062
2280
2624
2251
2047
2584
2190
2397
2240
1961
2026
2156
1051
2117
243
225
226
2039
2216
2044
33
33
11
11
11
11
11
11
9
114
84
92
4
23
11
6
3
4
2080
2065
1987
2258
2358
2318
2165
2165
2414
2152
2353
148
276
163
276
211
211
73
148
4
2129
2337
2105
128
189
52
107
93
84
19
8
32
15
2016
2340
2287
2350
2037
2201
2440
2324
2108
1981
2188
2371
2371
2214
2493
2535
1773
2467
2496
2433
2418
2003
2261
2347
2292
410
354
271
222
255
222
189
113
11
65
2304
1644
150
2325
1604
1525
2470
2160
4
1611
1227
1232
2310
2392
1974
1955
984
1933
2305
2099
1780
2176
2406
2286
2059
1378
133
46
2380
1777
26
26
26
14
14
14
19
19
28
10
27
23
22
13
24
12
11
22
9
19
19
12
12
17
5
3
438
460
475
481
292
440
16
10
2025
1944
2045
2000
1972
1499
1742
2256
745
107
24
15
16
10
8
7
31
9
35
2203
2160
2015
2168
2299
2495
2281
2157
2354
923
699
28
6
1617
1568
2004
2391
2118
1765
2104
2653
1810
2157
2171
1986
2320
2048
2403
2398
2741
2369
1764
696
696
751
751
770
770
14
69
2329
1947
2373
1889
1836
2266
2385
2595
2077
2112
2190
2326
2169
2491
2484
8
8
8
28
28
15
28
15
7
5
6
11
8
7
24
6
7
4
7
2408
2198
2073
2078
2076
2069
2142
1828
2336
2157
2235
2372
2063
1945
2509
2107
2193
1987
2170
1999
2365
2184
2291
2628
2696
2565
2305
2439
2217
1961
2049
84
64
100
105
100
29
34
21
21
17
20
100
19
13
13
6
7
2061
2149
2315
1779
1779
1779
1779
1779
2166
558
547
880
894
376
262
119
21
30
2367
1795
1866
2027
1665
2148
2048
2354
1950
2096
2515
2195
1892
1732
2224
1786
2106
1912
1924
2455
2444
2007
2197
2033
2059
2457
466
431
231
281
454
397
14
20
2167
2211
2307
2360
2100
2318
2396
1984
2040
2092
2561
2305
1796
2499
2332
1801
1801
2111
1664
2411
2026
2454
2196
1991
2459
2351
2418
2296
2046
2264
2029
2351
1770
2153
2128
2643
2643
2247
2200
1956
1696
2348
2194
298
88
259
298
161
254
291
57
44
31
105
105
105
105
16
16
16
1746
1746
1743
1702
1666
1666
1969
2578
1855
2471
2301
1991
2245
1881
2346
2346
1970
83
74
71
53
48
39
49
22
38
29
16
16
1987
2445
2144
2092
1852
2361
2163
2244
513
513
506
545
513
37
1997
2175
1606
2415
2297
2182
2522
2185
2107
2315
2525
2124
2020
1911
1671
2377
1128
1074
1082
1027
925
40
64
40
40
2093
2141
2037
2570
2402
2291
2265
2032
2031
1873
2183
2349
2560
2118
2003
1966
2285
2252
2434
2225
1994
2091
2450
2133
2183
1980
1966
2112
2108
2234
987
108
51
20
2390
2213
2115
2058
2025
2201
2636
495
495
436
378
438
211
54
54
2161
2139
2130
2181
2037
1930
2134
2507
2126
2151
2412
2216
2499
2031
2441
262
246
428
469
129
286
478
194
2471
2104
2091
2097
2382
154
230
223
183
435
435
316
37
35
83
127
48
13
34
8
6
6
2114
2270
1997
1938
1554
1738
2411
2411
2152
2233
2370
2108
2383
2088
2040
1855
1237
2274
1779
2025
2425
2157
1974
74
74
74
74
63
63
63
72
37
25
36
48
36
15
8
1920
2436
2123
2340
2344
2317
2314
2312
2133
2275
2465
2276
1887
1882
1878
2081
2449
2280
2131
2242
2121
2204
2292
2424
2153
2404
2354
2147
1814
2164
2207
2739
2086
2298
2186
2186
2186
2182
2131
2157
1775
2036
2079
2526
1971
2091
2053
2083
1781
2125
2203
2287
1958
2174
1905
314
318
314
314
314
282
2221
2603
1815
2155
2264
19
19
19
12
12
12
12
12
10
10
26
26
19
35
24
15
2228
2239
2464
2463
2105
2100
2024
1842
1971
2160
2224
2020
2198
2350
2601
2159
2501
2372
2401
2249
2135
2521
2186
1960
2386
2013
1951
2418
2471
2057
2177
1863
2283
2331
2236
2276
2303
1493
2502
2315
2544
1595
2128
2641
2211
2277
2094
1888
2025
2025
2310
49
56
42
139
39
44
9
12
13
37
34
73
4
7
2226
2256
2313
1925
2201
2199
1749
2198
2108
60
34
53
32
33
33
33
40
32
37
31
31
33
16
11
64
13
15
14
7
10
9
11
14
2330
1954
2058
2195
2133
2417
2363
2226
2284
2380
2112
2074
2534
2294
2325
1980
2349
1954
1945
2350
1870
2150
2002
2062
1981
2123
1530
2345
1973
2177
2121
2397
1946
2145
2744
2266
1693
1964
2176
2106
2196
330
451
478
302
399
386
151
117
17
2414
2145
2067
2153
2457
502
320
652
331
731
392
239
239
448
205
21
17
80
80
49
193
497
497
342
342
537
537
2175
2145
2299
1739
1970
2059
2113
2410
1651
2479
2300
1901
2439
2181
2413
1992
1803
1775
1670
1560
1691
2038
2177
2356
2445
1939
2197
2521
1149
554
792
51
52
43
35
10
4
2355
2086
2132
2133
2201
2240
2293
2306
2291
2291
2287
2293
2293
1980
2305
2409
2199
2596
2227
2029
2059
2137
1965
1736
1666
1720
1599
1464
1721
55
2329
1864
2109
1797
2178
2283
2263
2297
2143
2218
2219
2316
12
38
33
10
10
10
26
26
50
10
15
6
11
2448
2047
2487
1415
133
39
2265
2269
2666
2236
2534
2310
1788
2331
184
208
260
210
240
183
184
71
14
2050
1915
2162
2360
2430
2310
1865
1936
2133
2419
2133
1807
1656
1563
2050
2284
2559
1909
2294
57
130
28
250
232
60
275
130
76
90
60
26
19
17
11
31
24
4
1970
2376
1351
1349
1209
1400
1238
1208
40
2046
2250
2637
1991
2510
2295
2606
626
605
568
2259
1973
2058
2094
2021
1936
1936
1897
1865
2114
1973
2420
2516
2351
2166
2527
2552
1913
1867
1613
1517
1812
1428
104
15
2204
1712
2505
2332
2231
2310
2095
2456
271
253
246
214
273
255
255
19
5
2262
2050
1999
2273
2064
502
317
803
344
782
328
328
633
393
393
81
81
37
2373
2494
2506
1822
1725
2026
2593
1901
2037
390
375
375
283
322
363
35
16
1905
2171
2140
2244
1964
2050
2181
2375
2801
2538
2144
2266
2170
2364
2061
2199
2107
2467
2450
2103
2214
1853
2257
2498
1467
2378
72
43
43
42
37
37
339
29
152
316
28
163
2245
2473
2136
2140
1798
35
44
42
42
42
31
27
26
26
27
31
19
14
11
2160
2059
2510
2114
1694
2388
2329
1893
2207
2147
2268
2215
2203
1924
2018
56
2284
2113
2578
2232
2279
2270
2382
1857
730
748
780
638
370
591
720
484
40
25
36
5
2311
2441
2396
2083
2373
2462
2341
1914
2389
2174
2175
2110
2264
1967
1831
2154
2403
2299
1915
1657
273
2236
2607
2137
2177
2242
2411
2260
2030
2312
2302
2296
2269
2271
2184
2669
1936
2172
2472
1639
2147
2231
2108
2270
2624
2428
2227
2399
2201
2199
1952
2146
1930
2283
1472
2349
2294
2202
69
69
124
92
67
40
97
76
32
35
83
4
2159
2334
1682
2407
2312
577
614
641
577
655
523
279
16
16
19
7
2399
2205
2002
2344
2297
2115
2518
2166
1533
1576
1481
1676
1841
1841
1843
1976
2655
2289
2281
1873
1825
1825
1825
1825
2239
2194
2201
2113
395
372
31
27
24
57
37
7
349
470
470
380
385
433
24
19
25
2204
1859
1018
1000
148
2051
1519
1443
2414
2037
2382
2382
2337
2572
2285
2186
2048
2100
1917
2587
2025
2092
1756
2170
2007
2252
2118
2305
2047
2329
2228
2216
2258
2445
2327
2126
1949
1974
2201
2027
2233
2095
1927
2195
1913
1948
2268
1867
1848
1727
1717
1429
1433
2416
451
386
123
2090
2069
496
496
454
383
488
343
54
5
2271
2017
1994
2404
2260
2155
2259
1757
1781
1769
2270
1962
2586
2089
1848
1816
2121
1900
2303
1773
2380
2020
2004
2363
1845
1818
1311
2227
2227
1024
651
275
250
275
256
297
278
50
38
10
1492
1706
14
13
12
12
11
12
2173
2223
2098
1767
2091
2456
2318
2318
2275
286
363
363
335
335
267
15
66
72
1915
2213
1934
2357
2504
2689
2244
2162
2394
2184
1793
2314
2064
539
531
539
425
425
475
450
73
64
12
2114
2430
2135
1637
2152
2296
1594
2764
2194
146
138
142
145
142
145
131
142
142
141
134
144
133
146
145
142
145
70
131
4
25
2127
1946
2105
2613
2502
2359
2316
2089
2367
2100
2283
2323
2432
2395
2136
2715
2357
1946
2028
1922
12
12
12
12
12
12
12
12
33
19
15
8
8
2189
1927
2430
2215
2357
2118
2085
2524
2031
1915
2226
945
2416
1923
2050
2379
2294
2179
2369
2425
2261
2218
2213
2288
1937
2261
2271
2370
2262
2067
1801
2142
1922
1919
2030
2076
2189
2082
2445
2244
1824
1768
2239
2265
2199
1876
30
30
16
35
18
97
54
20
17
55
34
17
21
18
15
5
448
8
11
11
8
9
7
9
7
6
4
2153
2039
1931
2028
18
23
5
2267
2016
2024
2195
2342
2642
2058
1945
2166
2075
259
329
119
165
165
113
54
45
89
86
1934
2019
961
664
600
1228
1090
565
421
409
219
149
154
1936
2536
2300
2626
1664
2146
1872
2030
1948
1822
2074
2032
1599
2121
2121
1260
2401
2112
15
15
15
15
51
51
51
30
31
10
15
7
2149
2157
963
875
869
781
770
736
346
2400
2673
1797
2090
2374
2173
359
262
180
247
125
73
276
274
35
2087
2475
2048
2133
2004
1948
2133
2209
1815
2444
1964
2036
2171
657
725
602
403
152
164
362
130
130
187
21
9
9
1942
2502
2314
2171
2259
2093
2506
2108
2506
2258
2422
2022
1870
2258
1966
2105
2376
1987
573
612
541
573
510
35
31
41
24
2039
2039
2177
2334
1770
1970
183
179
181
179
179
178
183
183
183
179
181
183
179
171
183
183
177
183
177
179
183
179
168
148
56
2171
1693
2425
2103
2180
2310
2053
2045
2031
2158
2119
2270
2343
2356
2046
2375
2088
2342
2033
337
340
338
336
337
331
332
337
288
333
301
63
43
2477
2270
2023
2194
2184
2209
2242
2453
2507
2061
2126
7
7
4
1973
71
68
66
44
70
122
56
56
111
74
58
52
18
2196
1930
501
501
501
816
501
654
933
1033
990
413
335
19
2010
1180
757
2390
2323
1853
2479
2044
1777
1699
2523
2119
2250
385
437
429
411
380
380
59
55
69
2487
2109
1645
2305
2228
2090
2307
2387
1651
1588
1420
1780
1635
1445
2283
2283
2032
2148
1992
1795
1607
1763
1631
1574
1468
44
2248
13
13
13
13
13
13
47
47
41
9
29
45
18
10
2338
2287
2202
2145
2145
1908
1554
3
1179
514
514
38
41
26
37
2357
2281
2028
2028
1888
1965
2010
2108
2059
2068
2241
2220
146
145
146
139
143
145
145
145
144
142
145
145
137
142
141
145
145
146
143
142
142
145
138
101
63
53
2268
2045
2155
2144
2191
2450
2507
2238
2210
1508
2751
2298
2322
2322
2303
2288
2254
2254
2463
2463
2350
2320
1966
2099
2200
2097
1631
1725
1691
1926
2535
1991
2252
2206
1786
2007
2088
2007
2386
1095
92
135
330
147
298
302
343
330
43
16
23
2141
2572
1956
2249
2085
2129
1852
1795
2116
2309
2217
2154
2268
2139
2340
1775
2085
2150
2132
2050
23
23
23
23
23
23
23
23
20
19
20
19
19
19
19
11
41
7
16
20
9
2254
2575
2034
2059
2170
2189
2128
2036
1709
1829
2295
1501
2195
2004
1413
1511
1467
1290
1427
1464
66
2212
2309
2227
2183
2185
2184
2180
2062
2391
1920
2001
1635
2174
2065
1969
2300
1883
1847
1789
2303
1922
1771
1788
1900
1689
1660
2248
2392
784
896
286
41
35
9
119
35
108
8
7
2099
2349
2080
2386
2200
2473
2291
2209
2346
2110
2004
2281
2149
2115
2039
2291
2137
2020
2207
2366
2056
1816
2330
2473
2279
2244
2395
2054
2221
2441
2401
2058
2193
2106
560
560
632
592
503
141
229
9
5
2407
1837
1978
1884
2232
1964
2546
2450
2558
2488
1788
422
747
747
842
730
809
863
920
128
30
34
2442
2225
2092
2404
1395
103
2089
228
181
160
165
176
189
181
11
5
168
2322
2240
2380
2463
2158
2239
1943
1609
2230
2368
2257
2337
1887
2204
2391
1892
2072
2009
2133
2231
1888
2045
2195
1720
2126
1957
2177
2099
2149
2089
1766
2292
1871
2335
1977
28
21
10
17
18
17
19
11
6
3
11
2046
1776
1639
2022
2003
2253
2541
2043
2451
2073
1692
48
114
12
15
39
45
83
71
11
10
26
8
39
21
20
60
56
19
8
2171
2292
2292
2119
1972
1829
1801
2178
1794
2283
2283
2053
2262
2140
2168
2129
2129
2294
2101
1784
1863
1661
1615
1651
2237
2301
1717
2208
1881
2385
2219
2272
1683
2391
2183
1823
2266
2124
2242
2378
1985
2341
2371
1912
2158
2268
1832
2058
2305
2305
1787
1444
1420
1363
1435
1429
1411
2403
2403
511
460
460
431
545
545
35
334
752
61
2246
2404
2196
1906
2250
1800
2001
2265
2338
1962
2126
2545
2216
2150
168
58
202
39
26
53
154
137
49
32
8
7
19
2261
2135
2135
183
185
181
185
185
185
181
185
185
181
185
181
181
185
179
183
182
185
185
185
185
185
153
30
30
30
30
11
11
11
11
17
1984
2393
2073
2228
2229
2218
2018
1779
2025
1373
2166
2309
784
703
703
521
639
526
422
137
2453
2360
2217
2466
2269
1684
2240
2240
1719
2566
2042
1982
2289
2222
2246
1889
2490
2237
2199
2254
2071
1954
1951
1885
1588
2166
1700
2250
1935
2291
2390
2049
2061
2525
2182
2055
2067
2301
2055
1923
22
22
22
73
73
73
8
8
71
9
13
2256
178
177
178
178
177
178
177
179
177
177
177
181
177
179
181
177
177
177
177
177
177
117
53
14
2309
2264
2060
2243
2485
2095
2404
1492
5
4
7
7
4
4
4
6
4
7
4
3
3
3
2061
2019
1000
1018
1018
978
998
993
1717
1389
1389
1339
1339
1417
1417
2061
2110
2110
2423
1960
2047
1951
1896
1919
1876
1835
2128
2192
1998
2091
2214
2411
2206
2413
2003
2003
2393
1848
1121
800
1050
4
2130
2097
1553
1865
1865
2136
2599
2653
2072
2142
2100
2268
2394
2269
2133
1758
1857
1667
1642
1653
1879
103
2100
2296
1996
2485
2222
2232
2092
2443
1870
2530
2458
2262
2402
1867
1957
1932
1726
2173
2112
2139
2369
2170
941
941
2277
391
255
142
65
65
10
12
2263
1882
1965
2049
2410
2315
2152
2374
2328
2040
2214
1605
1148
1947
2451
1817
1817
2117
2083
2114
2245
2245
2243
2225
2221
2219
2180
2156
2156
2140
2233
1431
2155
2327
2131
1984
1809
1484
1968
2124
1994
2139
1940
1915
1951
2062
1927
2343
1960
1624
2100
2273
2217
2187
2368
145
145
109
160
113
111
199
43
26
29
26
17
54
24
2659
1802
2348
2502
1819
2013
1969
2238
2518
2086
397
484
519
319
575
254
232
343
2522
1811
2277
2115
2186
2269
2190
2443
2196
1658
1625
2294
2049
2349
1862
1378
1859
2225
2250
2039
2204
2136
2302
2105
2120
2205
2256
1893
1343
2082
2610
2453
2409
2299
2312
2226
1481
353
3
1690
1390
1378
1380
2445
2298
2320
2690
1856
2025
1903
1805
1822
1565
1482
1468
12
1920
2285
2213
2141
1870
2358
273
367
261
222
354
248
126
45
11
9
42
2411
2121
2279
2272
2352
1938
2309
2429
2129
2338
2253
2100
21
21
21
47
47
47
15
15
14
34
11
33
18
18
20
24
10
2256
2005
2060
2293
2309
1856
2595
2449
2231
2302
1914
1930
1930
1878
1878
2103
2053
2315
2329
2557
2464
2182
2269
2407
2255
2300
2173
2231
1776
1766
2033
1791
1791
2245
1984
2097
2505
2153
2017
1787
1777
1647
1629
1523
1498
141
37
37
37
37
17
17
26
6
13
8
2088
1864
2072
2130
2109
2155
2540
2126
2126
2126
2106
2312
2375
1626
327
247
262
194
339
256
39
2259
1925
1955
2016
2464
2237
2214
2211
2256
2334
2404
2495
1974
2259
1848
2002
1793
1831
1602
1635
1569
1801
12
2413
1721
1660
1580
1551
1727
1491
80
2004
2163
409
272
329
329
407
346
121
26
23
10
4
12
2247
2247
1290
2252
1888
2296
2397
2149
2523
2205
386
187
417
337
385
277
47
1831
2412
2412
2135
2005
2005
2331
1876
2185
2546
1578
898
2274
410
200
160
378
411
216
8
10
1945
1898
1889
1889
1858
1728
2033
910
272
22
14
10
2400
2262
2040
2381
2233
1865
1946
2093
2101
2101
1925
2430
2614
1878
2066
1763
1992
2146
1876
2123
2088
2348
2398
2251
2252
1713
1834
2129
1996
2153
1305
1951
2068
2252
1787
5
5
5
5
4
10
4
4
8
3
8
5
5
10
2215
714
623
560
438
328
88
84
2104
2057
254
255
255
255
256
249
201
90
94
183
90
50
70
2130
2116
954
298
90
81
79
76
63
73
71
78
48
57
39
71
39
36
1922
2044
2285
2032
2136
2230
180
180
180
180
180
178
180
180
172
180
175
180
180
180
171
180
176
176
176
178
174
126
118
75
54
2513
2122
2202
2042
1870
2063
1676
1967
2601
2259
2451
1971
2250
2152
2084
2043
2395
2238
2069
2407
2217
2250
2520
2393
2409
1692
2059
2269
2125
2407
1675
1926
1863
2042
2274
2068
1681
2193
2193
2182
2250
2335
2414
1978
323
334
323
350
397
397
27
27
81
81
33
31
30
27
11
37
2464
2084
2209
2385
2118
1963
2400
2260
2166
2007
1997
2346
2025
2238
2381
2058
2409
2526
2214
2116
2084
2027
2482
2077
2337
1820
2190
2509
2187
2050
2104
2262
2341
2184
2209
2071
2080
2751
743
1134
7
7
15
12
2291
1788
2606
2000
2000
2409
1909
2500
2530
2178
1689
1316
2008
2090
2090
2396
2454
2152
2116
2378
2038
1928
1966
1771
1946
20
20
20
20
10
10
6
6
12
8
1498
2199
2173
1971
2200
547
487
509
497
442
26
2074
142
143
142
142
142
142
143
142
139
142
142
136
141
142
143
142
142
142
142
142
138
142
142
136
118
66
1644
2182
2182
2100
1987
1955
1778
2210
2390
2158
2195
1870
2302
2741
2028
2233
1966
2066
2168
2095
1994
1996
1852
2150
2034
2194
2070
2152
1830
2088
2235
2154
1627
2103
2057
2284
2166
2662
2175
2268
2533
2287
2327
1849
1850
1796
2101
2315
2302
2297
2297
2297
2296
166
165
129
166
124
88
73
78
7
7
2487
14
14
14
37
37
37
14
14
23
24
9
24
17
2133
2024
2024
2003
2003
2003
2113
2503
2121
2219
1882
2335
2433
2433
2393
1898
2410
1936
2045
2196
2240
1977
2356
2345
2254
2132
2087
2031
2017
2206
2382
2012
1746
1614
1996
1996
1915
1880
1752
687
403
23
19
18
17
15
3
6
4
3
2186
2234
2117
2204
2138
2334
2649
2257
2249
2095
482
370
528
496
450
477
31
72
7
1829
2177
2227
2195
1347
2037
2241
1611
2176
2028
1893
1660
272
53
230
346
50
263
276
250
256
2666
2518
2560
2140
1672
2082
2081
2081
2081
2082
2082
2446
2108
2238
2327
2042
1930
2354
2315
2153
1777
2543
210
60
558
59
55
91
345
33
46
17
63
33
1922
2124
2427
2127
1991
2212
1989
2478
2567
2037
1905
2200
628
590
550
550
470
585
18
11
3
2227
2125
2001
1904
1901
2144
2448
1488
2237
1677
2091
84
23
23
23
16
16
16
24
24
6
2192
1746
201
237
295
383
356
390
194
2349
2304
2167
2093
1537
2316
1941
2433
2044
1894
2230
1934
2037
2015
2268
2223
2223
2067
2080
2423
2144
2103
2021
2178
2208
2336
1929
2066
2443
1966
2176
1934
2012
2412
2275
2387
2430
2102
2242
2167
2011
1976
2107
2192
2001
2000
1928
1825
2457
2457
1939
2052
2444
2436
2023
2278
1729
2074
1716
2101
2545
1851
1853
2210
2371
1961
1931
2116
1547
1766
1751
1459
1572
1302
204
50
34
118
58
38
51
81
31
28
69
50
10
14
2314
2312
2008
2004
2060
2200
2276
2269
1865
1865
2366
2068
2302
2116
2283
2166
1751
2214
1901
2551
1648
1420
2161
1625
1657
1450
243
43
2017
2125
2349
636
636
672
672
523
523
22
90
2275
2023
2445
2231
2426
1691
2530
1911
2118
2067
2205
2257
1771
1771
1730
1725
1733
1700
154
191
191
444
139
95
102
123
201
5
43
2439
1897
2066
2146
2146
2336
2067
2056
1920
1908
1680
1530
2185
2170
1879
2182
1911
883
138
138
24
2498
2545
1706
2166
2107
1963
2351
2305
2083
2080
2165
2115
2178
1816
1519
1512
1507
2082
1762
2084
2299
2293
2137
1920
2336
2098
1978
2019
1997
2016
2009
641
582
575
37
34
21
21
23
2508
2023
2016
2103
2530
2312
1838
2137
2103
2465
2125
1879
2264
2209
2204
2141
2139
2139
2138
2257
1126
815
111
77
34
76
96
98
23
64
2100
2323
2258
2043
2340
2245
2205
2128
2119
2307
1826
2271
952
156
2187
2494
2086
2259
2248
16
66
10
10
11
10
10
10
13
13
73
5
22
65
2348
2281
1851
2055
2347
2210
1682
2055
2603
2068
610
624
185
25
10
6
6
92
89
2092
2267
1648
1485
1548
1493
1257
1420
141
13
1703
29
10
10
12
2106
2494
2309
1930
1495
1494
2241
1943
2036
2476
2288
2155
2414
2052
1996
2064
2535
2561
2278
2005
2156
991
2384
2274
2147
2481
1408
21
19
18
18
18
17
18
19
18
18
18
18
18
18
18
18
18
18
18
18
18
19
18
18
5
18
7
1694
5
4
3
1868
1910
2410
2410
2416
1867
1929
2173
2049
2533
2494
1948
2107
2285
2140
2041
434
451
414
450
466
379
196
50
2452
2141
2083
2099
2250
2406
38
38
38
38
7
7
7
2356
2212
2320
1973
2509
2251
1961
2322
2387
2476
2570
2217
2004
1800
1811
1800
2119
2584
1957
1858
1165
12
7
2229
2236
2126
2478
2264
2174
2187
1866
2384
2025
2129
2329
2204
2349
542
542
507
428
479
267
164
2184
2231
2181
2027
1744
536
572
572
539
539
35
16
16
10
2374
2286
2041
1303
1834
2011
2559
2179
2243
2413
2593
1942
2189
2514
2877
1717
2332
2146
2416
2487
1125
47
38
33
1968
1968
2463
2125
2240
2240
2228
2178
2178
2204
2265
1993
2314
2204
2068
2076
1938
1742
12
12
12
10
10
10
14
14
44
65
50
9
8
33
19
8
2316
1763
1940
1548
1544
1472
1467
5
2096
2049
2503
2504
2364
2184
2275
379
422
264
373
425
425
57
2241
2207
1898
2570
2168
2154
2477
2148
2231
2392
2562
2205
2048
1633
2105
2073
2404
2053
2009
2010
2369
2419
2471
2413
1995
1995
1672
2181
2191
2373
2252
2468
2106
2085
2575
2068
2253
2211
2005
2296
1948
2384
2338
2378
2260
1685
1474
1435
2034
2086
2094
2007
1939
2508
1450
2534
2014
2350
2327
1841
1900
2131
1985
1638
1939
1939
2173
2237
2371
2170
2214
2452
2491
2564
2170
2166
1828
468
468
245
433
438
438
65
1948
1895
5
5
4
2166
2147
2033
2138
2088
2088
1845
2158
2203
1941
2627
2268
1896
2440
2008
1955
2250
2188
2039
2412
2082
2127
2355
2312
2304
2319
2316
2316
1901
2102
2207
2237
2076
2304
1920
2226
1953
2475
1655
2120
2311
1744
2185
1717
1642
1491
1438
2008
2176
1702
2032
1622
2473
2502
2493
2360
2090
1683
2359
2222
2099
2037
2037
2118
2346
2056
2381
1671
1867
2287
2264
184
184
183
185
184
184
188
186
188
184
184
188
182
188
188
188
184
182
184
184
15
6
1622
2016
2090
1596
2140
2070
1585
2514
2514
1730
2219
2635
1992
2039
2208
1879
2119
1690
2141
2283
2217
1882
2286
2391
2196
2355
1872
1870
1416
1935
1953
2231
2331
2072
2252
2252
2187
2076
2149
1659
1842
2222
2131
1926
2189
2428
396
396
61
88
125
64
56
46
10
50
1856
1755
2482
1044
563
373
342
371
373
291
373
57
25
49
33
12
9
2348
2035
2095
2599
2164
2171
2316
1921
2096
2311
2326
2282
1712
466
502
43
43
45
39
26
28
9
13
2484
2052
2279
1918
2211
2415
181
184
180
181
180
181
181
180
181
182
180
184
184
180
180
184
180
180
180
180
180
150
118
91
93
49
17
2429
1914
2305
1829
47
47
47
8
8
8
7
7
27
25
17
11
11
15
1578
2179
2178
2032
1632
2138
2198
53
2022
2123
2244
2037
2092
1993
2135
2063
2113
2388
2071
244
434
428
428
333
371
212
155
2453
2304
2252
2530
2127
2004
2240
2104
2027
1992
2076
1707
2412
2193
1999
2282
2159
2301
2386
2201
2082
2207
181
177
177
181
181
181
181
181
181
181
181
177
177
179
181
181
181
173
174
175
157
135
51
2363
2232
2285
1969
2427
2104
1856
2222
225
14
93
15
70
12
12
93
11
11
13
16
87
4
6
8
2580
2571
2082
2082
1544
1476
1427
1411
1124
68
45
2113
2212
2034
2140
2140
2198
2304
2290
2028
2012
2146
1615
2287
2139
2518
2050
2309
2325
1942
2034
1855
2121
1958
2248
1983
1972
2667
2150
1722
2421
2201
2073
2351
2419
2256
1950
1901
2072
2243
1783
2055
49
17
8
18
38
8
27
9
16
6
3
5
2091
2181
1653
570
1876
2320
2409
2437
2437
1577
2382
2016
2209
2197
2197
2121
2523
2141
2031
2160
507
475
436
436
400
324
37
841
582
715
382
515
575
36
11
8
8
2251
2016
2016
2388
2230
2315
2341
2047
2022
1896
2041
1642
1871
1108
1071
1067
1061
1042
1021
1899
2334
2291
2333
2272
2106
1931
2318
2450
2463
1769
2062
2392
1960
299
293
233
219
290
290
89
2152
2158
1916
2104
9
6
5
6
2452
2360
2411
2067
2488
2016
2402
131
122
164
274
274
66
41
65
150
46
58
10
2169
2309
2225
2090
2620
1830
1780
958
148
2021
2181
2154
2070
2025
2160
2174
1929
1915
2215
1981
2419
2375
2272
2267
2223
1968
2234
2288
2392
2410
2161
2367
2169
1718
2242
2242
2100
2308
483
426
430
430
2094
1998
1717
1908
1742
2222
2228
2264
2253
2252
1669
2279
2222
2378
2320
2264
2219
2008
2180
1910
1763
1910
2095
1965
2603
2074
2434
2006
2055
1569
2182
1769
2295
1837
2364
1864
1850
1878
1855
1867
1863
2239
2239
1832
2145
206
116
185
147
229
200
244
26
51
90
27
8
4
85
120
72
75
77
302
143
140
51
34
3
7
7
45
1735
1796
1713
1902
1623
1678
2133
2133
1784
1997
2261
2470
1996
1968
1933
2177
1768
1553
2202
2202
1679
2163
2371
2118
2091
2365
1240
1233
759
14
5
4
9
4
2053
1858
2189
2342
2262
1830
2089
1678
2148
2596
2066
2525
1748
1951
1950
2165
2500
2295
542
435
426
354
235
467
7
2262
2026
1738
2139
1987
1985
1961
1952
1947
2180
2131
2022
2036
1951
2080
2319
2127
1984
2156
2219
2291
2028
2246
2566
37
37
37
35
17
27
27
27
17
17
17
15
7
2768
2236
2060
2056
2466
2120
1934
2019
2102
2193
2218
2178
1820
2023
1120
890
1855
2428
2303
2365
2166
57
33
15
13
16
10
9
8
26
43
2002
2395
2165
2051
2086
2367
14
14
14
14
14
14
14
19
19
63
16
16
7
12
2309
2237
2372
2019
1737
27
38
38
38
27
38
27
163
35
17
13
35
9
12
45
8
5
9
2405
2239
2214
1902
14
1882
2498
1919
1780
1412
2356
2343
2027
2179
2394
1871
1982
2529
2216
1809
2102
2143
2424
1902
13
23
63
16
4
4
20
6
2063
2479
466
541
473
390
570
669
183
342
450
294
1681
2304
2370
2195
2483
2175
2286
2055
1806
1756
2435
2408
2420
181
181
177
168
179
181
177
181
177
175
177
177
181
177
181
181
175
181
175
181
107
60
2050
176
169
173
281
291
210
11
176
11
11
167
249
119
2238
2323
2262
1986
2207
2286
2120
2439
2164
2241
2386
1763
2368
2152
1841
1738
1644
1650
1648
2117
2152
2211
2310
1549
1652
1611
1520
1385
1499
2048
2270
2086
2254
2563
2348
1727
2395
2124
2107
2101
2035
2030
2191
1796
1972
1996
2216
2157
2303
2278
2142
1501
2150
2352
2382
1600
1601
1500
1488
2126
2058
1889
2020
2057
2386
616
520
596
552
520
433
2303
1923
2428
2344
2155
1976
2334
2236
2129
1877
30
30
30
30
30
30
53
35
35
21
40
33
7
2070
2394
2245
2272
2101
2066
322
394
271
271
373
149
267
15
2292
2215
2401
51
51
51
15
15
15
29
29
19
36
14
21
17
6
7
2502
2502
2216
1767
2051
2104
2390
2358
2175
2175
2248
2239
1942
1861
282
280
148
157
148
222
157
4
84
2068
2169
2392
17
17
17
43
43
43
23
23
40
14
14
8
15
11
5
7
1655
1920
2221
2187
2219
2099
2194
2080
2091
1638
2180
2175
2182
2335
2645
2129
2404
2304
2167
2154
2331
1152
2273
2334
2302
2124
2161
25
25
21
32
21
23
23
30
14
15
25
12
14
8
10
13
2579
441
206
324
414
392
303
2323
67
67
67
42
42
42
7
7
9
4
8
1707
2245
2301
2192
1228
1301
1284
1300
1176
1152
128
2105
2314
2585
2357
61
45
32
17
49
47
35
40
14
31
12
23
37
13
2100
2005
2162
2261
2297
1991
2292
2381
1884
2012
1778
2025
2119
2173
2173
1732
2198
2403
2077
2062
2056
2056
1966
1966
2009
2083
2233
2479
2304
2182
2335
2532
1777
1808
2175
2184
2327
2302
2114
1810
1596
1986
2432
2409
2407
2408
2405
2340
1976
2450
1971
2387
2559
2559
2191
1907
2381
2152
255
415
415
417
204
450
395
9
7
7
2513
1878
2267
2262
2205
2104
1951
2148
2157
2002
1782
2073
2300
2300
2129
1395
43
36
33
39
36
27
37
1881
2097
1744
2114
2192
2311
2220
2038
2421
2192
2230
2182
85
2244
2688
2112
1734
1742
1673
1907
1662
1696
2230
2221
2221
2222
2206
2206
2376
2064
2401
2055
2205
2603
2233
1988
2019
2273
2067
1926
2215
2129
2153
1976
1484
1838
2173
2163
1965
2623
2623
2357
2224
2168
2014
2022
1923
2282
2282
2299
2034
1687
2068
2569
2079
2074
2256
2360
2167
2237
2538
1925
1962
2337
2025
1833
2155
2625
2259
2550
2307
677
656
131
131
131
123
109
114
30
10
2323
29
26
52
20
20
20
15
20
27
26
20
16
10
7
7
2327
1973
25
26
33
20
17
17
27
55
21
30
1806
2125
2615
2625
1998
1658
2342
2254
2143
2485
2405
2362
1934
2142
1972
2150
2411
1851
2012
2280
2040
2036
2018
2258
1975
1913
2071
2438
2079
2257
2140
318
314
307
317
318
298
318
318
319
290
240
40
2003
2337
2247
2012
2047
2352
2349
2151
2317
2245
2355
2072
2572
1925
1995
1832
2162
2621
2010
2242
2515
2252
2355
2355
1677
2237
2053
2618
2356
2218
2216
2059
2261
1747
2449
2217
2129
2002
2049
2157
2221
2371
1984
2328
93
48
73
122
87
74
66
115
27
15
52
5
1598
1668
1398
1470
1536
1599
215
45
2146
2359
2172
2477
2306
2188
2032
2222
2292
2136
2172
2280
2363
2392
2021
2318
2094
2063
2140
1899
1752
386
336
246
165
324
324
384
324
384
2140
2051
2253
1873
2023
2142
2195
35
35
35
33
33
33
29
26
26
19
15
2423
2472
2083
2121
2336
2563
2090
2379
1819
1874
2034
1435
1443
1443
1463
1434
1462
2346
1575
1694
136
136
135
136
135
135
136
135
135
135
136
135
134
134
135
135
135
134
135
135
135
131
135
134
47
25
25
25
25
25
25
15
15
25
25
25
36
14
25
14
14
14
14
14
11
1784
1467
1660
1591
1748
1524
2122
2119
2336
2145
2310
2094
2209
2316
2187
2201
2166
1922
2158
2252
2106
2012
2090
2286
2661
2132
2111
2245
2271
2111
2227
2216
2400
2528
2175
2146
2105
1757
2159
2170
1839
2371
2011
1969
1947
2303
2224
1866
1677
1684
1662
1473
1311
1330
129
28
2434
1951
2195
2289
2248
299
299
380
341
341
250
110
80
14
10
23
2080
2099
2219
2056
2228
2598
1716
2187
2023
2052
1906
1872
1628
1671
1673
1445
28
28
28
28
28
28
28
73
73
28
47
53
45
24
31
2089
2061
2366
2224
2136
2369
1941
1929
2292
2323
2319
2262
2239
1926
1850
2425
2527
2605
1907
2413
2113
1720
1762
2317
2465
2267
2112
2517
2144
2062
1808
1581
1559
1558
2473
2024
2274
2200
2402
1729
28
28
28
28
28
28
56
56
18
24
28
11
16
2284
2129
2382
2159
2540
153
149
153
153
152
153
153
153
151
152
153
153
151
153
149
153
153
147
149
152
149
153
148
113
86
2020
2141
1964
2239
2056
1951
1641
1708
1555
1642
1688
1681
1858
2264
2222
2018
2285
2602
2150
2418
2023
1779
1694
1556
1579
1868
1763
91
2248
2527
1897
1873
2254
1543
1750
2521
1644
2302
1894
2641
2012
2044
1977
1802
1802
2272
2359
1851
2341
2256
2127
2023
2154
2269
1762
2203
2344
2025
2450
1879
2451
1964
1964
2218
2218
2215
2294
2549
1902
1816
549
41
44
20
12
8
5
27
5
2431
2192
2068
1525
1500
2078
2050
2075
1921
1604
2336
2214
2214
1956
1073
864
2432
2335
1533
2428
2147
1722
2264
2209
2152
2002
2208
1721
2084
2324
2179
2214
1547
2253
2309
2190
2076
2231
2267
2158
2158
1594
2145
2141
2397
1885
1853
2023
2266
1804
2515
2239
1724
1724
1695
1588
1862
2145
2135
2497
2481
1660
2398
1748
1550
1960
1936
1724
1725
2544
1890
2425
2115
2128
2066
1928
1948
1741
1572
1666
1409
1359
1579
1580
1814
2263
1805
1809
2290
2090
1888
2281
2443
1717
2389
2287
2303
2075
1582
1407
1422
1418
1420
1299
393
212
22
2663
680
523
681
24
45
12
11
17
33
1657
2246
1806
2050
2104
2126
1675
1964
2586
2321
1996
2152
2186
2185
2063
2255
1755
1859
2399
2001
2339
2365
2237
2175
2134
2412
2225
1945
2265
1951
2177
2103
1763
2215
2135
2150
2092
9
6
4
8
3
3
3
2155
2115
2461
969
149
2351
2034
2328
2269
1890
1884
1957
2567
2424
1868
3
3
1999
2331
1972
2249
2483
2282
846
237
729
208
17
17
19
14
2403
1983
2374
134
134
133
133
134
133
133
134
132
134
134
133
133
132
133
133
133
134
133
133
133
133
133
133
133
133
132
48
2199
2011
1785
2090
1637
1641
2253
2013
2151
1752
1972
2258
2236
2191
2195
2023
1996
2019
1945
1662
2253
2281
2200
2186
2215
1805
1824
1777
1790
93
13
2129
2081
2115
2294
2159
2334
378
183
404
457
399
309
173
25
2057
2340
2619
2619
1922
2478
2202
1037
2360
2241
2508
2136
2079
2303
2221
2099
2062
2141
2391
2202
2478
1916
2345
2447
2068
2165
2206
2541
2563
2381
2074
2427
313
316
316
309
316
188
250
133
254
264
2152
2198
2281
2204
34
19
16
17
16
19
34
15
34
14
15
13
52
26
9
6
3
2149
2360
2213
2383
2223
2322
2303
2219
1426
2210
2084
2505
1716
2430
1759
2399
2450
2213
1686
2055
1817
2421
2264
1904
1853
1622
1515
1460
1450
2526
2274
2325
2309
1787
2020
2296
2372
2451
2357
1824
2309
2055
2068
1956
389
434
434
322
340
362
8
14
31
2019
1961
1535
2224
2290
2545
2364
2319
2108
2031
2337
1954
2081
2328
2138
2385
2224
1973
2014
1935
2190
2274
2023
2406
2224
2336
2280
2017
1693
2256
2138
1646
2009
2035
2016
2342
1953
2393
2337
2527
2140
1950
2386
2000
2174
33
33
33
35
35
35
32
9
10
12
10
17
4
2120
2222
2748
2465
2438
2385
2382
2224
2248
2239
2226
2037
2515
2245
2169
1954
2354
2267
2592
2566
2431
2540
2098
2206
1949
1949
2162
2104
1710
2230
1305
2010
2179
1924
1677
2058
1601
2070
2344
2206
2067
2225
2309
2187
20
21
17
19
37
37
14
13
33
34
19
19
21
10
6
11
5
5
8
4
2015
2062
1756
2342
2051
2262
1895
2436
2029
2228
1426
1461
1416
1210
1425
1364
6
2315
587
587
553
587
347
140
2265
2162
2271
2209
2529
2358
1965
1679
2129
1803
1738
1732
1541
1525
1370
2116
2150
1987
2425
2392
2023
1893
2016
2690
2106
2541
2069
2243
1827
1973
1762
2456
2286
2193
1966
2192
2224
1896
2350
2102
2275
2437
2550
2478
1755
2205
2023
1867
2396
2022
1340
1358
1356
1300
1348
1333
22
2136
2358
1996
2245
2426
2102
2002
2315
1850
1686
2250
1441
2140
2021
1959
2080
1671
2049
153
156
366
209
268
150
294
85
2043
2050
1962
1567
2110
1481
2255
1890
2451
2267
2164
2606
2222
2246
2172
136
263
81
241
110
5
5
5
10
10
7
1929
2383
1876
2316
2216
2216
1844
1779
1683
2005
1701
2132
1972
1972
1477
1395
407
2033
2544
2216
318
436
329
392
315
238
132
89
80
24
164
9
2229
2323
2256
2443
2026
2216
2151
2318
2482
2095
2099
1983
2396
2285
2266
2520
2232
2108
2088
2088
2167
2317
2163
1831
2335
2257
2457
2013
2146
1987
2330
2390
2051
1897
2585
1765
2305
2302
2257
2189
2187
2186
2186
1711
1976
2048
2506
2121
1985
2118
1850
2459
2212
1404
2376
2276
1841
2221
2167
2049
1812
29
29
29
29
17
17
17
19
28
2200
2107
1991
2097
2083
2391
2135
1777
1190
314
7
1993
2049
1958
2267
1945
2214
2184
1940
2198
2690
2562
2172
2216
2079
2198
1796
1660
1810
2190
2200
1979
2143
501
501
815
815
478
810
989
631
501
335
2213
2291
2120
2237
2269
2235
1999
2324
2508
1768
1768
2172
1695
1981
2326
1930
1949
1215
1215
1216
943
943
942
877
2132
2084
2521
1807
1715
2415
1004
115
57
12
12
2228
2174
2229
2215
2323
1990
2243
2239
1777
2005
2151
2375
2093
2093
2090
2102
2102
2059
15
2211
2219
2654
2050
2255
2366
1635
1544
2078
2227
1993
2097
2086
2046
1980
2438
2041
2246
2220
2159
2259
2663
2229
2308
2014
2250
2172
2048
2054
2266
2078
1825
1921
2327
2239
19
34
20
19
43
30
24
74
15
19
18
91
83
65
8
2452
2254
2058
2287
2025
2139
2012
2331
1731
1874
1515
1604
1486
1350
184
2034
2348
2263
2479
2523
2207
1940
2189
2377
2244
2012
2346
1975
2205
2084
1741
2408
2175
2163
2367
2174
1944
2120
2156
2089
2239
2193
430
430
286
235
216
258
10
23
2317
2747
2025
2311
2022
1860
1666
2040
2441
2305
2218
2526
2852
2257
1423
1234
2150
2045
2335
2021
2370
2344
2550
2091
2268
1842
2535
2098
2014
1705
2282
2147
27
27
27
43
43
43
36
20
15
15
25
48
14
13
20
7
7
2244
2535
2419
2256
180
161
133
234
338
338
97
88
27
38
7
76
76
76
76
81
81
42
68
24
7
7
5
8
1908
2087
2087
2350
2260
2156
2071
1965
1962
1749
2124
2037
2037
2012
2258
2124
1974
2361
2118
1909
2311
1980
2301
2106
2159
1985
1957
2494
2357
2145
2140
1721
2211
1262
1004
1744
2182
2131
1929
1946
2279
2582
2049
1864
2140
2236
1993
2221
196
640
28
64
35
23
17
34
31
6
2595
2129
2091
2366
2116
2116
1943
2084
2196
2018
1894
2286
75
75
75
75
75
75
75
63
28
148
37
24
15
2311
2009
1710
1367
2396
2193
2020
1876
2354
2120
1944
2349
2278
2248
2633
2633
23
22
21
24
25
23
8
9
8
143
143
143
143
142
141
142
143
143
143
136
139
143
142
139
143
143
141
143
142
139
142
141
110
61
50
2292
2017
1826
1982
1982
2146
2247
1795
2564
2032
1971
2566
2151
2550
2117
2219
1892
1794
1729
1724
1696
1687
2230
2145
2538
2239
2151
2343
2495
2177
2284
2233
1781
2297
2660
1948
2191
2309
2272
2272
2270
2203
2196
2015
2119
1922
2204
30
30
31
31
6
6
6
10
10
32
2259
1450
2238
14
14
14
14
14
14
32
32
7
13
7
7
9
18
22
43
7
4
2359
2359
2212
2270
2554
2287
2551
2060
2171
2036
2506
1750
2170
1517
1818
1786
2009
2561
2398
2414
1869
2139
34
11
20
16
13
25
15
9
10
1828
2340
1959
2237
2222
2253
1662
2252
2252
2429
1673
2401
561
654
650
125
74
79
69
88
2042
1942
2306
1993
100
100
100
100
32
32
32
85
68
83
83
18
6
10
2508
1836
533
440
482
31
32
27
18
28
23
32
2201
2535
2003
2151
2086
2054
2360
2064
2390
2247
2282
2310
2277
339
431
536
412
487
354
319
202
102
2250
2141
2178
2010
2357
1875
2342
2247
2506
546
587
546
545
639
45
17
17
2262
2013
1890
1011
22
12
10
9
4
2133
2365
2109
890
890
854
854
92
72
40
33
1940
2107
2181
1878
2323
2052
2269
2477
2163
2176
2711
2251
194
193
193
197
197
194
197
197
194
197
197
193
195
193
191
193
193
197
153
155
10
5
1902
2429
1955
1955
2304
2091
1005
957
473
58
58
51
173
32
24
2362
2362
1920
2760
1985
2151
1691
1805
1824
1884
2014
2916
50
36
20
19
19
40
30
15
15
11
15
14
18
20
1955
2013
2213
2149
1697
1886
1931
7
4
3
6
2333
2040
2159
2200
2159
1806
1779
1770
2612
2168
2434
1789
2296
2242
2326
2313
2468
2083
2122
2511
2339
1962
2378
325
325
229
274
324
301
5
13
19
28
2014
2185
2149
2048
2310
2072
2146
2112
2177
1933
1992
2370
2313
2313
525
525
588
588
415
595
58
23
58
1986
323
267
242
242
136
274
92
487
18
244
253
36
1982
2280
2253
2312
1520
2397
2494
2121
2422
2545
2301
1998
2161
2027
2237
2421
2464
2106
2276
2170
2072
2319
2203
2077
431
431
409
442
359
359
292
2502
2526
2140
2692
2356
1615
1615
2400
2362
2088
2267
2156
1984
2547
1782
1910
2221
2009
2790
1681
2153
946
443
1830
2605
1697
52
1981
1645
490
83
2434
2370
2125
2262
2539
2369
2045
1567
1897
1927
878
824
817
23
2167
2635
1930
2561
2315
2391
1704
1929
2117
389
388
334
292
373
188
43
2090
2499
2263
2314
2289
2475
1844
2280
1940
1919
2238
2072
1899
2237
2117
1778
1985
2046
2426
31
26
100
119
88
51
26
90
16
11
52
2237
1965
1991
2233
1712
2035
1854
2322
1939
2284
2205
2366
2164
2002
2218
923
31
2113
2414
2258
2277
2220
2214
2205
2213
1355
2050
1866
1745
1732
1677
1555
2115
2192
2187
1813
2239
2407
2138
2333
2124
499
227
310
468
96
444
191
14
14
177
2185
2525
2281
2009
2304
2593
2124
1827
1481
1996
2321
2370
2420
2179
2497
1905
2682
2448
1981
2121
2238
2288
2258
2213
1918
2510
1807
2166
1980
24
37
29
16
20
18
27
11
7
12
9
2351
2501
2194
2035
2645
2378
2306
2321
2144
2307
1902
1591
2566
5
5
2153
2049
2009
2076
1758
2252
1991
2258
2405
2006
2512
2248
2437
2256
2038
1751
2573
2575
2568
2568
2566
2560
1851
340
280
358
20
7
35
21
6
6
12
4
2510
2466
1966
2550
1600
2021
2276
2008
2147
2259
1618
2590
33
26
12
16
12
9
9
9
42
47
10
19
18
8
6
7
7
1768
2280
2280
2280
2259
2259
2232
2412
1930
2262
2399
2038
2822
1924
1818
2208
1798
2140
9
9
9
9
9
9
10
20
20
13
20
6
5
7
1683
1939
2390
1700
2198
2100
2320
2047
2185
2502
1853
2224
2185
1872
2327
2313
2467
1676
2311
1753
2002
2266
1986
2290
2247
2224
2554
79
259
216
212
139
140
193
71
75
12
38
7
2192
2415
2343
2566
2566
2302
2380
2384
2384
2546
2167
2511
2332
2092
2231
34
41
47
13
34
34
13
15
2046
2442
2104
124
124
66
143
170
91
88
250
122
5
1853
1931
2190
2327
2302
2295
56
41
51
41
42
23
23
27
27
30
18
45
17
50
18
16
18
29
9
12
9
16
1428
1431
1409
1400
1392
1319
1940
1924
1924
1905
1862
1601
2011
2154
2234
2459
2268
2386
2297
2244
2546
2350
2236
2009
2289
82
82
376
316
282
304
65
71
20
63
64
63
16
39
125
63
81
88
92
64
11
13
50
7
1954
2111
2142
2048
2410
2217
1391
1391
1390
1157
1157
1156
364
111
412
412
403
403
44
29
2211
1786
2015
2272
2301
1993
2258
2296
2298
1657
2137
2137
2262
2015
2530
2224
1863
2663
2334
2287
2369
2402
2301
1039
92
1929
1946
2037
2200
1852
2185
2185
2297
2175
1903
2076
2339
1955
2381
2320
2054
2115
2419
2565
2169
2358
2384
376
376
244
254
105
57
165
183
82
2213
2009
2482
1935
1935
2313
2347
2066
225
199
232
257
173
170
76
57
34
2033
1957
2257
2383
1938
889
917
896
907
829
819
430
2093
1379
1163
1154
2181
2262
1842
2189
1985
2184
2434
1909
2216
1884
2453
256
543
405
78
343
443
520
32
601
638
582
601
43
44
34
43
13
2069
2241
2111
2348
1989
321
516
522
454
454
422
165
84
49
2245
2128
2041
2150
2141
2370
2295
2385
2003
1793
1666
1855
2132
2055
2055
2524
2268
2312
2312
2189
1951
1679
2114
2145
2607
334
231
330
328
347
207
200
255
233
163
21
2025
30
11
11
7
6
6
10
10
10
9
9
8
7
12
6
15
9
8
2160
1663
2644
2644
1757
2359
2353
2281
1435
1232
2520
2259
808
339
503
2488
2488
640
194
476
400
14
8
16
1933
2470
2072
2230
740
979
563
2157
2129
2194
1724
1982
2022
2055
2012
1427
1880
2102
2027
2069
2312
2227
2577
2172
2227
1671
2433
2223
1852
1791
2271
2221
1959
2296
2019
1844
2092
514
1056
513
337
821
643
795
401
270
245
21
102
52
15
174
9
1979
2333
2411
1883
2246
2600
2084
2419
2145
2059
1943
2139
2200
1063
1070
1061
1060
1068
1069
2128
1982
2227
2137
2173
2206
2122
2538
2489
2001
2138
1702
1864
1306
2224
2134
4
2073
2216
2362
2330
2662
2457
2123
2282
2118
1998
1915
2448
1952
2337
2420
2340
2040
1870
1922
1852
2334
1263
1263
1246
1246
1222
1222
1410
2305
1945
1908
1879
1862
1792
2465
2285
2012
2264
2264
1686
2009
2491
1908
325
342
187
537
313
412
528
167
2274
2274
2218
2074
1699
1649
2373
2332
2292
324
429
454
274
327
541
444
88
1140
48
54
2207
1816
2655
2442
2415
2063
2371
1844
2120
2294
2371
2320
2193
1965
2296
733
641
370
493
446
449
212
584
411
199
2018
1706
1866
2322
2198
1977
2131
1859
1658
1468
2567
2124
1723
2388
2211
2267
451
299
440
216
416
420
8
32
2037
2134
2307
1913
2499
2009
2334
664
875
246
360
145
19
49
77
62
1924
1738
1824
2314
2146
1487
1483
2063
2298
2102
2100
1502
2059
2059
2583
1709
2483
2333
2405
2248
2848
2101
2102
1868
2092
2062
1975
2389
1671
2000
2317
1855
2563
2343
2171
2170
2256
2148
2080
2532
2019
2219
2127
1550
2166
2590
1891
1417
2328
2109
1975
2143
2327
2138
1873
2374
2232
2225
380
327
284
326
299
284
16
10
6
2310
2211
807
1079
363
54
2113
2410
94
53
65
239
229
222
204
18
3
14
2289
1959
2247
2500
2332
2155
1783
2517
1966
2594
2190
2313
2335
1917
2179
1729
1758
2063
2127
2090
1783
180
189
191
189
82
47
71
44
69
1851
2463
2200
2065
2644
1696
2003
2304
1957
2241
2350
2274
1672
2072
2323
2203
1984
2066
2158
2004
2261
2026
2176
2071
1882
1882
1882
1882
1878
1878
2284
2145
1627
1666
2575
2301
1995
2070
2371
145
146
145
145
143
142
147
142
145
145
146
146
146
144
146
145
145
146
146
137
145
145
147
132
89
2284
2058
2133
2354
1798
1959
2379
2377
1916
2472
2093
2144
2011
2212
1982
2350
1852
2096
2211
2160
2226
1979
2305
2150
2198
2184
1532
2323
2308
2059
2145
2125
1961
2541
2139
2305
2275
2412
1871
2612
1611
1493
1745
1338
1264
1151
2185
2185
1938
2014
1947
2317
2264
2378
2163
2276
1702
1694
1306
1299
1285
1804
2105
2171
2187
2097
2320
1782
1896
2504
2450
2309
2097
2194
2085
2085
1898
2011
2521
2136
2378
2310
2214
1870
1889
2116
1707
1928
2364
2361
2127
1702
1758
1758
449
481
511
438
324
412
71
23
2477
2435
1833
2015
2181
1863
2278
1962
28
28
28
28
28
28
20
20
6
14
7
3
7
6
10
7
2228
1669
2178
2273
2419
2146
2098
2325
1998
1981
2251
2072
2363
1916
1888
2066
1844
1844
2252
2039
2441
2147
2146
2405
2265
2076
1976
1532
1525
2653
2658
2358
2365
2219
2239
2124
1959
2369
1794
2664
184
187
183
183
187
187
183
187
187
185
187
187
184
187
165
187
185
187
178
117
122
38
77
44
2122
2127
2121
2181
2450
2094
1329
67
44
24
24
7
7
7
2396
2154
2138
2285
2014
1970
2329
2326
2326
2294
2289
2350
2071
2128
2205
2097
2256
1900
1945
2241
2235
2092
2148
2364
2026
2040
670
607
651
657
494
34
9
1701
2145
2181
335
221
221
66
373
373
88
56
744
782
275
88
12
10
9
4
2062
2321
2194
1694
12
7
8
7
8
10
7
4
4
2107
424
531
587
587
520
528
165
155
76
2232
2232
2057
2117
2011
2129
2102
2186
2154
2026
2296
2381
2061
2103
2086
2059
2560
2350
1943
2278
2062
2387
2331
1997
2549
2549
2153
2302
2182
2338
1800
2569
2535
1929
1747
1889
2074
1510
1712
1635
2012
2541
2241
41
61
16
24
56
58
74
32
24
6
2434
2118
2238
1824
2251
1977
1702
1532
1485
1475
1449
1387
2044
2152
2296
2240
2642
2346
2120
1756
2277
1774
1357
2206
2366
2459
2252
2195
2500
2331
1995
2100
2100
1865
2340
2028
1870
2005
2430
1965
1870
2245
1487
2133
1798
2135
2116
2239
2201
2025
2257
2156
2291
2196
1837
1810
1806
2112
1797
1951
2294
2031
2537
2004
1957
1236
1271
1265
1194
1429
1244
78
2412
181
166
85
51
53
60
78
1959
1189
1155
1821
2492
1790
2187
2490
2489
2178
2200
1931
2451
2403
1916
2055
1917
2238
2109
2307
2143
2233
2229
2261
2230
2392
1995
2120
2113
1886
1808
2309
1949
2335
2100
2155
1872
1831
1519
1569
1849
1400
2195
1797
2055
2392
2193
2175
2004
1547
1477
1562
1543
1632
1386
43
2118
1678
1945
2223
2319
1910
2169
2050
1902
2281
2145
2018
1949
1736
2178
2072
1907
2224
2171
2386
2051
2476
1934
2182
1663
2273
246
232
255
31
221
19
320
29
146
1748
2113
2291
2614
2477
1954
445
435
364
348
418
453
101
21
2313
1988
1976
2276
2245
1892
2500
2500
2316
1656
2214
2288
2308
2308
2005
2185
1908
2602
2095
2028
1729
2211
2198
2075
2383
1994
395
329
301
321
324
43
41
4
2221
2221
2583
2092
2340
2272
1931
1956
1917
1891
1655
1602
46
11
2719
2015
5
8
1996
2483
1850
19
10
10
10
10
10
870
865
844
781
774
773
2077
965
2458
2008
1933
2363
2011
2446
2115
2036
2139
1884
1970
1985
2284
2315
2716
163
129
326
18
254
123
106
193
233
10
1855
2403
2111
1794
2205
2227
2247
2059
2338
2210
2044
2279
2501
2023
885
56
2133
1796
2211
2317
1900
1924
1526
1533
1516
1483
2400
2007
2118
1698
2039
2307
2245
2443
2361
2136
2170
2011
2741
2313
1949
2300
2009
2106
2536
2067
1983
2022
2261
2261
2261
2230
2197
2190
1964
2247
2189
2092
1928
2342
1997
2203
2181
2116
2407
2112
2347
2059
2271
2670
2153
2279
1772
2547
2003
2151
2127
1731
1826
1896
2016
2386
1847
2530
438
438
408
408
410
468
57
13
30
2184
2101
1765
2610
2150
2288
2270
2133
2285
2337
2083
1734
1721
2495
2663
1875
2136
2068
1947
2250
840
1036
487
53
24
7
10
10
14
2339
2506
1898
2284
2359
2381
2019
2132
2002
1889
2628
2224
2222
444
386
366
413
416
416
1928
2110
2168
479
413
448
434
520
404
24
2370
2299
2557
2139
1814
1965
1583
2285
2274
2001
2440
1982
1942
2371
2169
2629
1951
2297
2651
2221
2300
2610
2127
1825
2061
2211
1945
2537
2226
2008
557
596
557
363
410
1941
1941
2042
2392
1913
2290
2221
1798
1892
2403
2502
1935
2314
1536
1854
2033
9
9
9
9
9
9
9
9
9
9
9
9
9
29
7
12
2149
1995
4
2118
2583
1976
2646
2014
15
14
4
1712
2225
1765
2019
2099
2222
2229
2268
230
212
114
79
96
70
97
93
39
44
29
29
29
29
21
6
7
2167
1709
2031
1715
2523
2373
2209
2106
2013
1679
1666
2348
2549
2048
2459
424
424
424
402
335
406
25
12
2221
2126
2086
1969
2445
2231
2325
1581
1849
2083
2400
2657
2055
2334
2211
608
608
455
401
1621
2069
1961
2203
2301
2238
2081
2179
2385
2006
1778
1462
2463
2190
2399
1727
1715
2040
2384
2181
2333
1947
2222
1364
1242
1251
1193
1169
1115
2430
2222
1824
2584
1020
96
2355
1865
1602
2242
1970
2291
2091
2002
2066
2306
2087
1766
2233
2361
2295
2068
2276
2173
2105
2166
1988
2166
2453
2232
2235
2546
2156
2043
2450
2209
2157
2224
1691
1979
2324
2322
2317
2303
2288
2302
2345
2031
2564
2424
2282
2065
2059
1902
2149
2093
2371
2185
2441
2167
2041
1716
2040
2018
872
919
274
605
171
217
2356
2043
1870
1851
2503
2233
1989
2361
2169
1956
2287
178
178
174
178
175
175
174
175
174
178
178
174
176
178
172
178
178
168
175
171
175
175
175
175
99
67
50
67
2215
2265
2183
2216
2356
2313
2350
2023
2014
2026
1802
2208
2010
2252
2556
2034
2034
2404
2361
2115
2398
2500
2047
2229
2370
2144
2027
1663
2200
1867
2150
2329
1973
2262
2092
1782
1882
1912
1874
1691
1543
1799
2190
2387
2021
1111
16
12
12
10
11
9
4
8
7
1762
1965
1923
2339
1968
1968
2163
2489
2472
1743
21
18
16
14
18
18
23
23
7
1642
783
2197
1799
2192
2279
2255
362
362
440
393
375
204
287
90
2262
2117
1815
2063
2300
1855
1647
2196
2088
2324
2306
2198
1985
2070
2210
2655
2146
2038
2332
2066
1672
1672
1670
1626
1599
1434
646
584
551
622
479
2012
1775
2293
1610
2403
1673
4
4
3
3
3
3
6
1821
2078
2545
321
310
317
276
321
291
191
127
2023
2297
2405
1833
2125
2067
2094
2018
2394
2603
2295
2435
2036
302
369
348
303
307
364
240
21
24
1741
50
50
50
14
27
27
14
27
15
24
52
12
5
2308
1788
2049
2331
1588
2225
1852
2164
1872
2151
2018
1998
2109
2542
2353
2672
2381
2199
2334
2429
2383
2421
2249
2069
2157
1675
2299
29
29
29
29
27
27
27
16
4
4
3
2121
2417
2094
2283
2223
1869
1839
1830
1824
1826
2171
2254
1936
2695
1980
2173
2279
2156
2158
2381
2260
429
429
481
395
395
397
302
32
6
4
1963
1660
2137
2225
2225
1988
2295
2033
579
619
678
620
516
418
144
2254
1490
65
70
82
69
33
24
32
20
1907
1453
1453
1453
1453
1471
1471
2217
2336
2030
2327
2015
2453
2062
1959
2021
2182
2101
1908
2285
2206
2355
2152
1903
1812
2120
2355
2330
2049
2391
2059
2266
2464
1475
1950
2526
2107
2156
2276
2104
723
1236
874
558
185
2216
2492
2296
2175
1100
993
2155
2217
2083
2151
2151
2370
1783
2069
2584
2338
2312
2551
1997
2228
1805
2474
2237
2371
1730
1636
847
2159
2005
2159
37
46
33
29
43
44
30
27
51
36
28
32
17
17
15
2412
295
295
281
154
154
180
172
33
2269
2284
2120
2057
1837
2078
1911
2113
1479
1902
2289
162
198
193
82
72
303
158
121
286
28
11
9
5
1877
1860
2054
2129
1912
2176
8
8
8
10
10
10
5
5
11
13
60
6
12
15
6
15
14
5
16
1958
1863
1927
2252
2112
2074
2023
1609
1848
1941
2121
2484
2161
2286
2071
1808
1937
1885
2176
2455
2171
2272
2357
2462
2512
2218
1922
2105
1894
2386
2109
2516
1636
1021
8
9
27
27
27
36
6
1956
2154
2043
2030
2009
2204
1902
2521
1942
2225
2103
2226
2265
1784
28
26
17
26
11
9
62
15
62
18
11
9
14
8
10
9
7
9
8
9
13
2084
1688
2162
2078
2070
2146
2146
2336
2185
2093
2093
1689
2102
2089
2080
2060
1714
1585
1895
2300
2541
2408
2367
2264
2271
2001
2248
2323
1683
2392
2370
1717
2043
2061
1764
2235
2306
2534
2459
2154
2483
2664
2360
2534
2090
2015
1920
2350
2119
2395
2267
2147
2042
2243
2254
2265
2294
1918
2104
1544
1965
2190
2190
2272
2286
1921
1419
1408
1784
1848
1474
1406
1449
1390
92
2068
2068
1917
2055
2296
2533
2295
2134
2319
2267
2775
1788
2358
2000
2404
2220
1758
1696
1681
1662
1663
1609
1583
2043
2373
1821
2220
2074
2206
2018
2204
1959
1894
1955
2210
2207
2097
1868
1904
2123
2175
864
808
542
194
104
2216
1883
1945
2100
2280
2401
1895
2153
1948
19
19
19
19
19
19
19
19
26
8
9
11
27
14
14
7
34
16
6
5
7
5
2243
2492
2048
2141
1823
1995
2251
2607
2049
2022
2178
1966
2311
2339
2195
2257
1091
951
56
40
25
17
2248
2351
2323
2231
2151
2078
2377
2212
2188
2379
2232
2312
1641
2174
2218
1829
2062
1972
2123
1956
2032
1894
372
425
425
158
391
374
58
2358
2290
2445
2538
2131
1600
1600
1580
2477
2145
2178
1946
1709
2546
2155
653
706
652
612
505
680
306
149
72
2402
2286
2606
2255
2433
2512
1739
1806
1718
1903
1635
1692
2186
100
100
62
60
69
39
51
39
38
66
44
27
38
15
11
18
17
6
9
2108
541
549
262
501
188
328
12
1882
2009
2291
1830
2065
1989
2614
1790
2429
1985
2087
2088
2255
2200
2334
1172
442
15
23
12
12
12
97
301
2578
2104
2458
2030
2005
2420
71
17
27
97
14
14
52
46
137
76
93
19
53
5
6
3
2057
2394
1995
2334
2468
2158
2050
2018
306
317
317
306
300
272
313
272
313
292
154
4
2422
1866
2492
2127
184
180
180
184
179
180
184
184
184
184
182
161
169
184
184
173
184
180
178
152
180
64
2151
2118
2348
1723
2160
2343
2435
2130
1967
2431
1939
2185
2493
2042
2220
2170
1984
2175
625
625
282
559
445
570
42
510
421
343
341
430
343
12
2087
1893
1923
164
167
61
66
174
62
332
121
88
2328
2329
2157
2623
1736
2077
2275
2082
2057
2079
2123
2230
2009
2028
2229
67
67
67
12
12
12
12
13
8
8
8
2443
175
175
173
175
171
173
175
175
171
175
175
175
175
175
175
170
175
175
139
154
154
47
5
2094
2112
2244
2146
2023
1723
1607
1613
1714
1502
1436
1646
2083
2741
2122
1741
2263
2121
2218
2159
2442
2472
2308
1968
2080
2193
2195
2063
2051
2197
2203
2345
2563
2632
1736
1901
1465
1462
1495
1473
1463
1496
2180
2146
2221
1909
2136
2113
2388
2242
359
320
396
319
351
344
49
40
40
2173
2149
2133
2087
1896
2144
1869
2035
1992
2309
1995
1876
2509
1822
2293
2284
2282
2243
1828
174
174
174
174
114
114
114
28
2373
2347
2030
2340
2046
2143
2317
2215
1578
2530
32
32
32
32
40
39
40
39
10
48
55
2236
1688
2078
2414
1853
2055
2057
2221
2580
1733
2252
2384
1986
949
836
834
784
787
774
621
2132
2461
2222
2023
2031
2242
1943
80
80
79
79
27
27
167
33
21
16
12
2287
2154
579
621
547
547
449
261
36
42
11
2102
2194
2353
2442
2222
2024
1615
2112
2403
2356
2254
1986
1986
2115
2305
2371
1897
1728
1718
1428
1320
975
924
924
2394
2013
1896
2410
2028
2015
2019
2366
1901
2576
2126
2126
2366
2156
2531
2004
2184
2345
1974
2452
1783
1857
2173
1870
2241
2194
2194
2023
2120
2105
1752
2435
937
1130
458
33
128
18
58
146
2204
2080
2050
2190
2198
1975
33
33
33
29
29
29
32
48
10
5
13
7
2004
2240
1375
106
34
35
24
9
13
2373
2215
2079
2038
2038
2260
1973
2615
2325
2054
2050
2014
2000
2017
2006
2225
1823
2259
2331
2366
1999
1999
1991
2284
2267
2260
2035
2105
2392
2179
2027
2344
2234
145
205
131
105
206
149
86
69
2192
1661
2239
1754
2016
1988
2063
2282
2099
1915
2208
2224
1811
1959
2349
2155
2212
1797
1705
1808
1486
1515
1636
93
1781
2087
1981
2189
2349
1273
1690
2073
2413
1798
1798
2652
1649
2207
54
54
54
59
59
59
8
37
18
5
9
2136
2194
2166
2391
2084
2144
1764
2239
1650
2449
2252
2464
2319
10
10
10
8
5
6
180
178
179
182
183
183
183
171
174
177
183
183
157
183
182
183
183
181
159
138
68
1994
2551
2031
2295
1912
2584
1079
2289
2112
2121
1826
2373
1910
2417
2123
2134
1975
2552
1904
2389
2117
1689
1844
2273
2368
1846
170
167
168
168
168
164
170
158
168
168
159
168
170
167
168
167
168
168
166
144
168
165
156
56
61
2501
2192
2161
2086
68
47
47
60
61
52
5
2437
1976
2567
13
13
13
13
13
13
51
51
27
52
15
14
14
13
14
2195
2274
1982
2220
2427
1583
2293
2206
2451
2326
1840
1775
2050
2438
2057
2031
2373
2213
1765
2158
27
29
42
38
35
13
29
9
21
2235
2460
2582
2216
2079
2284
2281
1815
1806
1800
1797
1798
1775
2108
2425
1896
2382
1188
1257
560
1416
1416
1417
26
24
2010
743
498
918
67
67
62
67
31
31
15
2460
2112
2208
2438
2319
1825
1896
144
144
144
146
146
146
141
143
144
142
146
140
139
141
144
144
143
140
144
146
144
144
139
141
122
48
43
1987
2197
2584
1582
2536
2181
2066
2071
2075
1979
2257
2316
2316
2358
2379
2083
2404
2089
2066
2467
2013
2343
2046
1833
2267
1895
2561
2059
2297
2452
449
485
543
543
492
438
146
18
2231
2747
2072
2334
2583
1859
2127
2192
2163
1968
2504
2286
39
33
43
32
50
36
29
25
74
24
20
21
27
23
9
18
1496
1449
1456
1439
1401
1406
2316
2083
2287
2053
63
41
51
38
53
59
47
32
36
25
24
16
16
25
20
27
14
12
17
20
1911
2125
2150
1831
185
183
181
180
185
185
183
175
185
185
185
178
179
181
175
181
185
160
185
124
64
57
2116
2044
1845
2374
2524
1801
1937
2571
1884
2219
2107
2091
2091
2088
2042
2001
2119
127
127
127
127
27
27
38
37
96
1632
2252
2055
2290
2166
2154
2140
2118
2309
1578
1888
2003
2557
2258
1977
2207
2289
2170
2206
1759
1963
1696
2095
2166
2077
2250
2585
2390
2018
1802
2350
2055
2340
56
56
56
46
46
46
18
18
18
33
13
15
8
5
9
7
5
5
5
2481
2264
1768
2319
2209
582
582
581
551
353
2269
1968
2018
2264
2012
2247
1984
2150
2156
2269
2385
2381
2083
2553
2426
1856
2169
2218
1987
2104
1975
1848
2158
2454
1640
1952
2017
2501
1367
2189
2082
2402
2263
2142
1875
1866
1866
1767
1767
2085
2046
2208
2201
2041
2464
2660
2127
2277
2099
2170
2221
2353
2151
2221
2308
2376
2087
2395
2537
1576
77
77
74
15
105
34
104
100
71
17
41
83
7
18
16
104
5
2184
1993
2186
600
641
565
600
261
167
21
18
18
2290
2466
2270
2176
2028
1752
1897
1917
2511
2414
2195
1601
35
51
29
11
12
6
10
10
5
6
6
5
2190
2297
2415
2064
2131
2092
420
437
407
388
199
290
44
23
15
2423
2423
2196
2228
1649
1620
1470
1564
1576
1625
7
2278
2250
2299
1915
1807
2285
19
19
19
35
35
35
11
11
26
22
41
7
6
14
11
11
11
11
11
11
11
11
10
10
10
10
10
8
8
8
6
4
7
5
5
5
4
2109
2232
2071
2046
2278
2157
2179
2404
2166
2075
2145
1980
2025
2141
2325
2354
2181
2278
32
42
46
24
18
19
20
13
9
11
4
2166
2147
2391
2210
125
125
125
125
125
76
73
2349
2237
2178
2305
2023
2107
2201
2099
2187
2099
2157
2219
2308
2259
1986
1966
1928
1928
2407
1868
408
131
120
298
63
66
66
82
36
41
310
13
2038
2206
2705
2151
2170
1844
2084
1841
2066
2312
1959
1959
1994
2274
2411
2500
2526
1889
1765
1676
1642
1372
1969
2303
2017
2337
2158
2455
2278
1980
1754
2195
1895
1858
2365
2489
2248
2401
2340
1628
2187
2276
1947
2642
1819
1795
1765
1733
1748
1748
1719
2033
351
359
392
262
421
478
331
8
1919
2114
2237
1930
2040
1889
2336
2381
2348
2344
2236
2184
2454
1981
2103
2314
2174
2085
2065
2140
1753
2101
2162
2204
2121
2144
1871
1822
2274
1649
2071
2164
2199
2078
2258
2273
2215
2464
2206
1982
2340
2280
1750
2126
2419
2288
2119
2618
2136
1818
1818
2181
1919
1999
1847
2143
1878
2248
2211
1945
2233
123
327
226
118
421
167
87
357
254
83
2147
2369
2309
1898
1797
2367
2158
1817
1921
2438
1884
1884
1466
1377
2238
1413
2296
1853
2311
2105
2175
2223
2385
2275
2142
1790
1894
108
317
72
146
94
62
163
447
295
35
7
2077
2188
1894
1255
32
55
8
2100
1825
2177
2248
1883
2528
2448
2023
2141
2006
2266
1215
91
44
2040
2340
2104
1779
2293
2273
2134
2570
2712
2117
2010
2120
1997
1848
2261
2172
1863
2133
2394
2333
2126
2147
2416
2534
2078
2373
2261
2405
2368
2607
2198
2434
2491
1089
2079
2047
2370
2025
2088
2476
2367
164
164
98
66
19
99
16
2102
1887
2291
2283
2266
2245
2227
2234
1546
1294
2561
2254
2281
2021
2481
2535
2068
2239
2074
2370
2577
2279
2341
1903
2073
2575
1859
1888
2441
1061
169
178
11
11
35
9
35
2291
2267
2051
2041
2199
1875
2188
2189
2595
2239
2345
2315
286
175
240
153
177
107
72
1873
2121
2490
2269
1790
1934
2003
2072
2397
2119
2055
2340
2092
2317
2288
2104
1892
2190
2217
2165
2354
2087
2190
1814
2251
2072
2412
2165
1967
2183
2487
1391
900
2118
2389
2387
2185
2124
2473
2175
70
83
77
140
103
102
82
70
6
33
33
2372
2426
1217
1330
1199
1083
1094
1151
206
1981
2170
2410
2192
2314
2154
2080
2522
2206
2070
270
145
68
94
205
170
197
187
192
63
159
19
2317
2229
2087
1973
2119
1649
1650
1964
2258
2238
2103
1942
2027
1697
1930
2074
2032
2334
2362
543
633
430
557
587
602
345
68
28
2229
2444
1651
2163
2045
1935
2327
2410
2204
2204
2333
2653
2243
2058
690
713
713
523
106
2482
2102
2164
1833
2493
744
1063
53
13
13
2299
1848
2251
2011
2032
2261
2281
2129
1869
2207
2174
2095
2095
2213
1963
1765
2441
1893
2382
2194
2464
1714
2293
2514
2447
1991
2118
2099
2416
2233
2505
2270
80
91
111
46
228
86
58
90
1963
2170
1963
1484
2132
2435
2079
2123
1969
2667
1849
2108
2289
2244
2229
2334
2093
2318
2274
2305
2122
2260
1873
1867
1972
2314
2075
2009
1985
2202
2014
2064
2318
2524
2179
2003
2000
1705
1857
2135
1600
2024
1732
816
1015
78
59
216
42
192
14
13
2104
2066
1756
1744
1573
1548
1747
1722
90
7
2647
2172
1794
2127
2663
2150
2103
2422
2342
2206
2095
2296
2228
2151
2285
1914
1740
2316
1754
1900
2121
2133
1947
1772
1543
1538
1552
2107
2176
2248
2159
2237
2389
2079
2309
2050
2289
2424
2201
2317
2364
2029
2406
2156
2493
1986
2219
2183
2128
587
622
587
628
553
33
34
19
34
21
10
2405
1735
2239
2086
2017
2332
2293
1761
28
28
25
25
22
22
16
17
13
11
16
2631
2610
2047
2121
2450
2593
2151
2360
1857
1754
2181
2220
2049
2328
2108
2054
2222
2281
128
128
128
128
28
28
49
31
41
55
8
22
12
2164
2160
2107
2257
2262
2222
2173
144
136
140
139
141
141
139
141
141
141
137
141
139
137
141
141
141
141
141
138
141
103
2376
1959
36
36
36
26
55
55
55
36
6
10
11
12
7
16
2302
2025
1824
1794
1402
1998
2071
2002
2111
1620
2075
1844
2409
2129
2452
1345
1330
1359
1360
1374
1320
6
2139
1760
2318
2169
1820
2027
2446
2089
2059
2229
1828
1920
2241
2592
2286
1983
2366
2015
2183
279
283
151
151
160
171
152
2303
1707
2433
2164
1721
2405
1881
1970
2050
2474
1973
2119
2103
2131
2149
1989
2268
2150
1771
1756
1674
1665
2209
2269
1972
2353
36
41
41
38
32
39
126
78
74
26
48
38
8
4
2054
1844
2200
2395
2042
2346
1884
461
167
163
164
163
167
167
163
167
163
163
163
163
166
167
161
167
167
165
160
150
163
53
2435
2122
2173
2128
2019
2301
438
462
348
322
406
350
30
48
2236
2581
1886
2248
1893
2109
2062
2035
1658
1981
1914
2159
2033
2033
2282
1000
889
268
2069
1830
2128
2228
2234
1963
1960
1960
1900
1871
1871
184
183
184
184
175
184
184
181
175
184
184
180
177
160
180
177
175
179
153
130
52
2306
2276
1068
162
311
435
435
369
369
341
48
2221
2212
2272
2036
2412
2319
2078
1976
2072
2218
632
497
539
493
493
594
2163
2038
2101
2435
2056
2203
2292
2432
2249
2301
2110
1735
2204
2316
2455
2184
2195
2325
2371
1801
2394
1926
1883
2571
2294
1942
2362
2162
1968
1400
1215
1783
32
31
31
35
32
31
31
43
37
26
20
28
32
28
20
10
13
17
15
2296
2027
2096
1894
2205
2223
2269
2083
2055
1752
1924
2241
1926
1926
2427
2419
2216
2430
2076
2239
2087
2265
2350
2083
2118
2128
2148
2175
1651
2040
2247
2259
2259
2074
623
623
509
509
615
615
116
1651
1661
1620
1575
2059
2568
2324
2371
2560
2505
2094
2136
2476
1995
2474
2402
2108
1883
2338
2338
2198
2212
2387
2076
2082
1759
2279
2300
2360
2440
2012
2423
2303
2301
2011
330
330
328
296
329
328
330
290
328
328
239
68
737
1092
954
309
182
72
163
2048
2307
2692
2313
1843
635
1940
2311
2021
2314
2167
2581
2416
2268
2118
2022
2157
1938
2193
1900
2414
2129
2072
2308
2087
2194
2263
2227
2270
670
685
358
83
87
78
75
343
2429
2429
2149
278
325
375
325
375
348
237
40
4
1963
2074
2143
2174
1822
2160
1971
2015
1976
2245
2282
1847
2356
2349
2256
1978
1703
2633
2192
2148
1871
2326
2037
2479
2243
2243
2243
2103
1959
2221
2291
2139
2004
2111
2058
2306
2306
2318
2450
2136
2249
1750
2225
2148
1988
2398
2237
2318
1964
2033
1783
1995
2295
2136
1925
2180
1967
2686
1990
2332
2034
2062
2375
1988
2245
1916
1917
1905
1918
1905
1902
2440
20
19
19
18
142
140
19
8
201
230
2315
2404
1624
2637
2160
1807
1648
1670
1646
1770
89
89
89
89
82
82
82
144
37
13
20
2050
179
179
179
179
175
169
175
167
169
169
169
179
169
167
169
171
164
169
161
169
171
91
30
19
17
2402
2073
2020
1848
2327
2031
2031
47
47
47
30
30
30
28
20
14
16
8
2132
2111
1956
2077
1981
2453
1927
1582
1550
1460
1454
1543
1506
169
4
20
20
20
20
20
20
26
26
9
13
8
28
8
9
4
1948
1979
2017
2366
2211
2421
1720
2069
2289
2365
2257
2428
2547
2277
2277
2366
2366
1638
1628
1673
1677
1629
1613
50
1868
2063
22
30
26
30
27
17
26
10
7
7
9
2544
2016
2284
2280
2192
2064
2194
2428
2282
2115
2201
1962
1919
1886
2129
2404
2454
2374
2270
2107
2353
433
433
381
304
395
395
59
13
1695
2112
1817
2370
2052
2665
2263
1920
2143
2312
2259
2097
2309
2170
2285
2225
2387
2142
2247
2326
1994
2046
158
123
162
141
69
44
116
63
178
141
74
112
2182
17
17
17
17
16
6
5
2506
747
747
799
799
747
797
621
625
340
2407
2234
2181
2049
1722
1883
1883
2087
2322
2328
2221
1685
13
6
6
6
13
8
8
7
5
13
5
7
6
6
1989
2380
1995
1997
2220
2091
15
11
16
40
11
14
4
48
2428
2242
2326
2339
2444
2535
1816
1900
22
24
29
15
24
26
21
21
20
18
2117
22
23
21
15
37
41
35
12
18
11
2241
2091
2410
2619
2245
448
448
345
321
334
334
76
1971
2165
1896
2565
2393
2041
175
100
76
77
45
35
102
18
23
8
6
2295
2295
2284
2227
2227
2253
2265
2014
2065
2509
1958
1939
1954
1516
1896
1626
2334
2227
2144
1157
47
38
2188
2474
2444
2229
2257
2311
1900
2126
2299
1693
2201
2009
2406
2553
88
64
47
48
47
22
19
32
17
57
2091
2214
1987
2141
2322
2553
2210
2274
2138
2017
2350
1306
2639
2038
1767
2052
2133
2436
2089
1565
2324
2202
2126
2389
2172
2467
2250
2170
2171
1802
2096
2430
2424
2190
1987
2257
2593
2247
2232
2143
2067
2754
1878
2277
1991
1978
1978
1979
2336
377
464
369
464
426
458
108
24
2187
2521
2298
2283
2256
2248
1922
1805
1805
2270
2148
2336
2224
2332
1979
2065
714
502
818
491
143
191
246
79
2255
1636
1899
1549
600
7
7
2257
1790
1865
1424
74
85
358
358
367
367
32
330
330
75
2545
2323
2059
1967
1580
2258
1965
2085
2129
2144
2167
1953
2237
2248
2608
2344
2105
2381
1961
1979
1979
2233
1991
2431
2229
2052
1929
1929
2031
2007
2245
2258
1767
1345
2076
2467
2217
1813
1813
1815
2454
2037
2261
2046
2140
2226
2194
1783
1644
2345
2040
2036
2548
2593
1385
506
1535
2154
2456
2384
1937
2440
2293
2140
2188
2222
2288
186
184
186
186
186
182
186
184
186
186
184
178
186
186
182
184
184
181
186
126
118
93
2361
2515
2308
2312
2284
2215
2012
2146
2199
2652
2465
2388
2127
2136
2200
2292
2276
2257
2096
2522
2311
2023
2226
2294
2251
20
6
6
6
6
5
2177
2186
2463
2420
1948
2448
1859
146
145
145
140
141
141
144
140
141
141
141
139
137
141
139
139
141
141
146
109
100
2511
2064
1989
2111
2498
2269
2082
1862
1692
509
439
475
523
445
477
87
2134
2323
2257
1982
2322
2332
1863
2129
20
2516
2136
2041
1953
2092
2343
25
25
25
25
31
31
31
134
49
55
45
16
19
2018
2383
2324
2150
1545
1545
2138
2140
2088
1834
2208
2150
2254
2139
2461
2244
1797
1758
1479
2270
2256
2438
1106
13
2018
2006
1994
2029
1958
1973
2001
2270
2231
2305
2421
1746
2248
2448
1669
206
380
277
398
355
355
350
2464
2265
2096
2093
1817
1805
1805
1801
1803
1803
1677
2236
2117
2261
2112
1967
2241
2226
2217
2504
2209
94
183
365
365
297
76
67
222
97
11
2198
1852
2382
2105
1753
2120
2072
1644
2471
1903
1739
1423
1493
1459
1214
1359
327
327
258
234
269
264
94
230
213
265
264
2177
2500
2259
2025
2310
1773
2089
2327
2394
2285
2311
2254
2024
1782
2200
2210
2296
2274
2227
2099
2110
2087
2077
2506
2216
31
51
29
29
27
11
29
14
11
5
5
1916
2180
2070
2293
2277
2443
2456
1785
2045
2507
1853
2527
2337
1789
1831
2200
2213
2224
2551
2312
2111
2222
2316
2531
2222
2224
2224
1776
848
744
1150
415
1939
2364
2092
2175
2044
2263
2149
2149
1860
2251
2163
1988
1828
1811
1957
1644
2518
2186
2345
2394
1765
2149
2254
2149
2025
2415
2507
2146
2280
2306
2306
2102
1610
1633
1622
1515
2451
88
70
63
80
38
37
19
40
7
2171
1835
2006
2222
144
256
265
153
334
179
217
159
340
145
54
25
2407
2495
1936
2109
2246
2674
2538
2303
2061
2157
2268
1987
1753
21
2437
1950
1821
1717
1535
2111
2035
2379
1998
2459
2061
2469
2041
2311
2182
1911
1981
2108
2145
2313
2251
1860
2454
2441
1721
2206
2101
1717
2120
2164
2001
2371
2241
125
95
172
145
162
139
127
176
97
10
2389
2340
1722
2626
2410
2069
2203
2340
2180
2088
2123
2131
2245
2345
2246
2093
2375
2375
2416
1772
1800
2128
2128
2428
2327
2072
2117
2188
1953
2371
2370
2028
2309
2761
2214
2260
2260
2024
2285
1951
2296
1925
2132
2108
2217
2183
2351
2098
12
11
14
14
14
14
9
26
15
20
12
10
5
2046
218
224
418
270
498
218
123
487
181
174
23
18
52
2103
2107
1348
2106
2131
1520
2159
2155
2081
2130
2441
2323
2385
2573
1991
2096
2222
1793
1757
1557
1770
1598
1461
32
2046
2630
1584
2185
2228
2602
2259
2282
2240
2224
2500
2462
2482
512
512
507
507
577
577
133
15
19
2728
1798
2161
2255
2366
1847
2301
2403
2018
2335
2113
2437
2154
1873
2026
1890
2183
2623
2206
2068
2246
1374
1963
2145
2117
1899
7
1843
2312
2208
2442
2110
1656
2227
2114
2152
2319
2177
2048
2048
2036
1991
1991
1997
2033
2070
2338
2224
1958
2361
971
971
948
948
945
945
19
6
1870
133
491
200
444
288
476
388
216
17
21
10
22
8
10
10
8
10
5
8
8
64
82
40
1892
1907
2004
2613
2566
2337
326
222
338
338
286
218
43
20
1797
2141
2299
1793
1792
2161
2123
2082
2499
2058
2244
1970
2068
2226
2226
1742
2093
2089
2053
2554
2682
2562
1967
2012
1954
2122
2122
1644
1587
1563
1547
2427
1881
1881
1881
2058
1985
2528
2169
1869
2231
2358
2392
1815
2447
2091
1724
2084
2367
1984
2321
2160
2234
1641
1636
1631
2161
1403
94
570
554
19
14
9
8
8
7
6
5
2059
1923
2063
2283
1694
2242
2253
2172
2304
2240
1963
2132
2088
2042
1848
2209
564
824
5
11
11
96
59
98
1821
2343
2244
2517
2366
2482
2211
2281
1976
2195
2053
2308
2327
2402
2307
45
21
123
43
20
20
20
20
56
20
20
29
34
20
74
59
101
64
2510
2092
2488
2268
2498
2187
2058
1890
2132
2145
2188
1999
2425
2228
2636
2222
2153
2457
1037
195
195
195
195
195
195
195
195
195
192
195
195
185
195
2045
2167
2458
2250
2335
2026
2235
1792
2221
2472
2298
2072
2464
2552
2456
2341
2383
2308
1967
1783
2428
2021
2239
1541
4
5
4
4
3
3
2155
2250
1464
1683
2214
2112
2000
2270
2202
2017
1960
1960
2473
2094
2182
1948
1654
1436
1272
252
16
39
24
25
7
2426
2104
2196
2182
1758
2350
2424
1437
2334
2127
2425
2311
2179
2080
1434
2499
2289
2070
2129
2028
2023
2238
2212
2274
658
652
615
609
103
33
17
20
2293
2088
2396
2431
2091
2513
1774
1803
2089
1824
253
253
317
317
311
218
84
27
13
30
2682
2270
2171
2387
2075
2431
2129
1899
2453
2275
1919
1919
1919
1919
1898
1898
2571
2342
1640
2508
2246
2273
2422
1729
2150
1747
2145
2012
2425
2389
2452
2563
2290
1453
2439
1990
1920
2102
2062
4
7
11
1957
1958
1682
1661
282
291
2300
2169
1695
1952
1869
2164
1713
2233
2255
1732
1840
1818
1818
1812
1760
2336
2055
2444
1872
2202
2225
1772
2456
142
140
139
142
139
139
142
142
142
139
140
142
142
142
140
142
142
140
142
140
142
142
140
117
45
2121
2184
2320
2274
2386
2252
2287
2057
1801
2377
1977
1380
1868
2227
2555
1872
2552
2552
1859
36
16
33
27
11
11
48
28
10
12
13
331
347
330
375
468
468
79
2323
2227
1933
1422
2486
2296
2038
2074
2454
2046
2209
2033
1633
1591
1582
1577
1575
2494
2000
2388
1588
2097
2257
2243
2359
1972
2292
2396
2306
2284
2284
2230
2241
67
67
2374
119
2571
54
63
97
49
63
184
44
45
44
88
42
136
89
44
30
12
46
51
1617
1865
2182
2043
1877
1979
2197
2133
1992
1975
1964
1967
1949
1940
2369
2093
2612
193
387
385
397
397
438
80
171
68
23
2407
2091
2143
2073
2274
2025
2783
2065
1483
2345
2264
2162
2573
2136
2083
2196
2063
2065
2132
2011
1866
1866
1792
2128
2178
2354
2327
2193
2163
2228
2030
2410
2113
1828
2400
2292
1944
1944
2073
1930
1597
1654
1422
1459
1556
2025
2025
2016
2278
2480
1624
1964
2084
2677
2151
2086
2085
2402
2095
2212
1807
2316
2305
1916
2517
2050
2000
2587
1806
1805
1781
1775
1789
1779
1956
2191
2211
2214
2377
2186
2148
2195
2333
2016
1998
1998
1989
1986
2369
1632
1928
2471
2224
1536
2377
2256
2615
2020
2200
2195
2173
1535
1828
2067
2292
1942
2566
2361
2333
2112
2309
1717
2044
2427
2395
2150
2053
2183
2183
2035
2381
1656
2190
2167
2195
2262
2282
2112
1950
2321
2358
967
661
28
186
2232
2277
2229
2524
2304
2213
2241
1983
1875
472
2439
1460
2552
2104
2288
2459
2431
2403
2401
2367
2367
2289
2079
10
9
6
9
6
8
6
5
7
5
9
2057
2290
1998
2437
2469
2269
2309
2289
2353
2261
2034
1951
1737
1734
2314
2361
2126
2207
1847
2047
2270
2192
1786
2288
2478
2521
2552
2188
2102
2404
2042
2210
2244
1984
2159
2327
1786
1784
1756
1749
1769
2397
1599
2276
1750
52
16
253
260
250
456
351
250
146
1812
2245
2196
2568
2568
2546
2538
2538
2532
2636
2087
2176
2133
2246
2225
2254
2254
1837
1981
2319
2306
1828
537
551
304
311
327
312
436
55
41
2239
2239
2024
2103
1861
2557
2367
2368
2111
2170
1955
2252
2528
1922
1996
2241
2436
1901
2333
1924
2443
637
610
13
12
28
36
1730
2130
2281
160
160
160
154
156
158
156
159
160
160
160
155
156
159
160
156
160
160
156
159
136
156
100
2250
479
377
30
33
30
42
42
16
2039
1849
1606
1948
1513
2428
1656
552
1663
2045
1850
2268
2273
2058
2046
2495
2203
2548
2224
2076
2102
2268
1971
2494
2255
1885
1382
1382
1370
1367
1346
1304
945
1908
2385
1837
2446
2019
2456
1920
1283
999
2019
1911
2342
2188
2296
2388
2020
2353
2440
2136
1758
404
309
394
418
382
30
175
91
196
29
72
1994
1848
2263
1912
1903
2344
2593
2129
1964
2296
2153
1836
1565
1565
1555
1574
1545
1600
1568
1396
1389
59
2253
2163
2394
1922
2489
2220
1786
1834
2226
2095
2093
2087
2071
2071
2155
2240
2521
2445
2592
2334
1780
2314
1714
2320
2177
1713
2226
1995
2369
2184
2011
2177
2366
1866
522
522
519
519
522
522
522
522
522
517
50
2404
2262
1946
1975
2308
1949
50
29
72
16
32
18
18
137
30
51
27
27
15
10
13
19
12
15
2359
2041
1749
2111
2111
2087
2070
2459
2377
2090
2237
2115
985
181
13
13
12
2000
2210
2215
2276
2036
2108
1769
1807
10
9
7
7
7
7
7
12
8
8
7
7
5
5
7
5
5
1660
1660
2511
2201
2047
2585
2083
2225
2181
2442
2314
2256
2125
2376
2107
2598
2467
1859
1762
2327
2265
2552
2417
2504
2460
2163
1806
2033
1996
2150
1663
1997
1628
1865
2298
2324
2066
1979
1892
1892
2272
140
144
143
142
142
143
140
143
143
143
143
143
143
140
144
144
143
143
143
139
143
141
144
140
140
140
138
143
86
86
6
1861
2363
2155
2435
140
140
62
62
40
40
144
28
10
10
8
11
6
7
6
1942
1911
2429
284
337
359
295
261
398
92
47
2265
2280
2280
2606
751
751
700
700
1977
2559
2349
2156
1970
2055
274
2113
2221
2186
2063
2010
1082
756
123
2014
2087
2560
182
178
182
177
180
182
181
173
180
177
178
177
179
174
177
176
174
176
176
176
140
140
2264
2281
2360
2439
2324
2338
2040
2061
2241
2431
2431
1865
2179
1850
2189
1812
2072
2316
2230
2100
2104
1933
1873
1762
2575
2223
1635
2288
2446
2515
2406
1947
2044
1856
1907
1781
1924
1930
2056
2029
1549
1990
1554
1979
1811
2280
536
512
607
499
442
59
2108
1993
2139
2119
2549
2319
1810
1998
2380
2011
1949
2479
2327
2046
2541
2018
2314
2271
2477
2205
2798
2050
2559
1974
2002
2002
2335
2399
2540
2282
2146
2072
1846
2268
1920
1683
1884
2179
2026
1919
2092
2577
2220
2220
1908
1769
2935
2260
2416
1867
2098
2315
2078
579
545
133
156
19
41
33
12
22
26
2291
2083
2575
2224
2180
2011
2221
1948
2253
2021
2146
2051
1835
1703
1933
2317
1856
2087
1675
1671
1664
1656
1651
1542
2275
1999
2374
1810
474
407
424
424
450
467
28
42
1549
2444
2502
1898
2242
1898
2248
2063
1870
2326
2091
1954
2264
1742
1742
2074
2316
2471
2359
1925
1896
2680
2217
2472
2143
1852
2024
2027
2019
1954
2236
2275
2258
2203
2211
1922
2260
439
1729
2327
1679
2338
2040
1856
2435
2397
2119
2294
2194
1904
2280
2212
1905
2110
242
454
391
448
466
456
398
24
5
2277
2191
1824
2281
1888
2409
2024
2120
2571
174
180
179
180
180
179
180
180
178
178
180
180
180
180
172
180
180
178
141
122
75
31
2187
1539
2080
2475
2302
2085
2248
67
67
61
102
56
135
61
117
110
61
167
55
34
78
1923
2288
2203
2259
2232
2152
2405
2358
2215
2349
2036
1894
2365
2209
2199
145
135
144
143
144
145
144
140
144
144
140
135
134
141
145
134
144
145
141
127
144
106
69
2156
1990
2320
1712
2092
1134
699
779
1198
734
747
704
61
2288
2130
2016
2341
2449
2209
2365
2108
2419
2120
60
46
54
31
31
43
63
38
49
48
16
2342
2359
2322
2591
1718
1776
2169
2024
2335
1717
2359
2204
2312
2262
1799
335
343
343
1207
219
85
33
39
12
12
2176
2065
2058
2050
2243
1976
2453
2333
2081
1993
2206
2499
1918
2148
2027
2038
2188
2120
2325
2170
1962
2266
2448
2165
2077
2124
2279
1912
2127
2611
2197
2190
1942
2374
605
693
643
644
469
10
1825
2117
2067
2107
2121
2093
2183
2591
2043
181
185
185
185
181
181
183
181
183
185
171
185
181
182
185
181
183
183
181
178
151
123
143
51
42
14
2191
2592
1381
1375
1373
1358
1376
1365
2148
2108
1905
1722
1719
1806
2091
1856
2547
2047
2074
2411
2407
1835
2312
2508
1948
2355
2460
2474
2291
2457
2188
2381
2146
2636
1984
2173
2166
2175
1573
1673
62
2541
1948
2119
66
18
70
32
40
10
10
12
12
13
7
1606
2264
2368
1892
2289
1887
2344
2461
2292
2050
2451
2262
1710
1697
2041
1670
2113
2216
2330
2330
2180
2334
2142
2201
2400
2005
2350
2234
2035
2166
2096
2226
2009
1818
2103
1853
2210
1884
1754
2385
2376
2368
2305
2275
211
165
381
187
289
289
104
2164
1576
2336
2279
2274
2272
1914
1901
2105
2190
2347
2053
2225
1972
2253
1857
2116
2418
2041
2116
1882
2544
2295
2320
2235
2058
2372
1819
2446
2355
2282
2282
2026
1423
2212
2148
2352
2352
2317
2210
2190
1925
1927
2290
2111
2412
2298
1982
2028
1949
1783
1836
2011
1851
1587
1683
1463
1563
1376
1565
2556
2068
2483
2118
2529
2741
1882
2176
1934
1934
1914
1914
1914
1880
2327
2430
2089
2198
382
328
403
350
350
153
147
10
5
1721
2290
589
589
589
694
671
375
371
8
29
2407
2043
2332
1979
2032
2074
2383
1889
2136
4
2334
2515
1968
1902
2436
2268
1058
153
173
8
1964
2372
2172
2182
1994
1744
2178
2472
2415
2496
366
366
285
411
411
54
72
46
49
31
18
2389
2112
2841
2202
2296
1853
1398
2367
454
575
575
414
452
373
8
1913
2518
2338
2270
2192
2179
2151
2151
2155
2083
2208
2131
1751
2283
1787
1958
2460
1667
2341
2376
1985
2102
2082
2088
2120
2197
2170
2217
1590
2145
2357
2272
2187
2120
2175
2022
2068
1749
2304
1687
2229
28
28
28
28
31
31
32
26
49
90
44
51
37
17
2292
2411
2063
2107
1820
2191
2089
2411
2160
2099
2454
2314
2087
2071
2475
2028
1841
2082
2083
2146
2146
1805
1868
1081
1081
1072
1045
2279
2310
2079
2124
1515
2223
1803
2211
103
40
38
70
119
93
49
130
16
19
11
2573
1835
2144
2133
2029
1858
2207
2123
50
50
50
38
49
49
49
38
10
7
18
8
9
15
13
13
2177
2149
2017
2222
2083
1687
2085
1756
1756
2217
79
134
73
113
68
73
136
47
33
78
145
7
2421
2337
1985
1984
1977
1942
2422
2363
1768
2384
1990
2268
2609
2275
35
78
60
29
59
29
27
14
14
19
10
9
4
2306
2016
1710
1867
2134
2466
2319
2235
2409
2264
1914
2456
2440
2040
2183
2490
2017
2380
2192
2168
2152
2128
2042
2042
1805
2423
2003
2455
2186
2090
2163
2073
2019
1140
1140
1167
1167
1120
1120
1739
2595
1613
506
2194
2246
2186
2302
2125
2408
1729
2300
1530
2207
2133
151
175
150
170
171
203
175
166
120
96
2020
2264
2364
2059
2470
2232
2302
2084
2242
2252
2168
2239
1993
2013
1529
1783
1270
1280
1775
2344
2085
2190
2102
2234
2146
2272
2003
2670
2632
2016
2432
2076
1969
2458
32
32
32
43
43
43
32
25
23
34
2279
2296
2268
2441
600
236
526
552
433
143
141
123
2140
2381
2223
1640
1599
1464
1552
1400
1302
1970
1845
2434
1868
1894
2057
2040
2328
2300
2105
1854
2239
2372
2097
51
25
20
34
17
16
15
14
15
12
16
13
12
5
12
10
7
11
1789
2235
2233
1736
2079
2330
1944
1892
2095
2202
1783
2563
1930
2127
1923
2009
2206
2353
2090
2034
1971
1983
2524
2045
2168
1861
2138
1472
2226
2395
1868
2236
2010
1951
2040
1739
2326
2445
2241
2078
810
603
230
15
10
39
147
136
145
39
2171
2463
2403
29
29
29
50
50
50
36
36
9
10
25
7
2142
1585
1497
1870
2335
2271
1850
2235
2411
2168
2300
2279
2132
2647
2423
1796
2006
2106
778
510
326
337
337
536
356
183
37
2272
2191
2092
1753
1906
2461
2359
748
509
660
18
15
179
222
145
9
17
2231
2126
2298
540
428
442
81
79
70
73
124
65
35
39
57
31
126
26
36
48
17
11
717
274
274
494
954
840
306
64
457
107
2553
2122
2441
2441
2388
1938
1557
1057
11
11
2125
2344
2037
2283
1744
2281
174
345
332
181
120
294
192
36
2451
2016
1504
1480
1476
1477
1478
1902
1319
2283
2206
2204
2191
2276
314
264
238
113
71
167
128
233
32
29
158
142
142
1873
1858
1429
2609
2425
1856
2136
1432
1756
1756
1740
1817
1968
2007
58
58
58
58
58
58
58
58
28
2347
1896
1660
1760
1967
1561
1593
1463
1608
41
2146
1958
2355
2288
2448
2657
2409
2395
659
257
219
11
16
5
95
9
29
14
14
6
5
4
5
23
5
6
13
15
4
2362
2357
2336
1915
2066
2010
2155
2079
1907
2379
2458
2068
2068
2510
2231
2016
1918
2347
1959
2801
2213
1996
2168
2228
2130
2163
2173
1813
1464
2104
2106
2069
1729
2318
2242
2173
2172
1942
2001
2125
2582
2501
2339
1463
2657
2013
1852
2387
2350
2122
2361
2221
2235
23
51
37
12
12
12
12
56
11
65
11
45
2176
2480
2103
1961
2079
2397
2528
2248
1913
2277
2101
2102
2161
2297
1686
1804
2308
2524
2529
1892
2152
2114
1871
2115
1979
2441
2543
2166
938
938
938
1145
1145
1145
574
1738
2282
1843
374
374
328
432
432
376
46
1983
183
103
143
150
150
143
129
12
6
5
42
8
2355
1879
2401
2425
1968
2149
1928
1928
2304
2233
2017
2181
2424
2221
1968
1944
2048
2318
2212
2439
1912
2449
1959
1938
1938
1912
2272
2306
2306
1917
2058
1926
2040
2490
2074
1873
2009
2071
2103
2206
2122
2255
1980
2311
2334
2334
1841
2226
2238
1960
2173
2183
2095
2261
1687
2163
2133
1651
2132
2343
2303
1869
1836
2245
2228
1764
1879
2196
2283
2266
2517
2171
2406
2286
1978
2381
1706
1750
2553
2081
5
5
3
3
3
2263
2075
2220
1899
49
49
49
15
15
15
49
49
13
10
10
6
2408
606
609
576
390
328
61
59
59
29
2179
2467
1764
1983
1780
530
62
55
160
98
73
14
120
2130
1997
1925
1925
1896
1875
1875
2335
2083
2105
2592
2512
2169
2525
2238
2011
1961
2023
1792
2173
57
61
61
76
271
250
273
341
269
357
131
373
2295
2082
2170
2073
2454
39
39
39
15
15
15
59
18
16
24
24
8
13
11
12
2219
518
425
592
434
404
505
269
34
2298
2609
2124
2309
2147
2291
2327
357
453
424
413
384
343
208
2296
2278
2127
1369
1369
1314
1314
1324
1324
2315
2315
2167
2114
2015
2389
169
377
431
477
477
394
330
46
102
81
10
2373
2025
2173
2109
2160
1984
1672
1641
1901
1842
1970
1626
4
5
4
3
6
3
4
4
1848
1952
1751
1754
1738
1743
1734
2153
2153
2128
2091
2024
1991
1995
2226
2198
2133
1834
2196
1879
1816
2420
2108
1773
2467
1976
2031
2299
2395
2435
2438
2135
2188
2150
2241
2097
1980
23
34
17
29
21
21
1977
408
333
521
521
116
59
85
31
2261
2297
2180
2421
2149
2011
2325
69
2087
2349
1973
2227
2141
2220
1944
2494
1961
2263
2511
1842
1695
2520
2003
2525
2119
2125
2135
1783
2004
2213
2466
2260
1838
2494
2109
1597
318
318
395
395
239
172
131
88
48
78
80
80
80
40
2492
1625
2147
1987
1733
2025
1898
2485
2397
2233
1272
13
2155
1576
1808
1844
1564
1660
268
335
170
174
174
174
174
174
174
174
174
172
174
170
174
172
172
169
172
169
169
174
169
174
174
5
2525
2104
2280
2189
2070
2137
1804
2193
2293
2343
2315
1924
1896
1911
2091
2598
2091
2163
2006
2205
2186
1116
47
56
16
1021
545
337
158
45
12
12
10
9
2487
2411
2131
2037
2085
2056
2425
1570
2126
2022
2154
2253
2027
2215
2063
2318
2089
2739
1933
1976
1873
2298
2038
2248
2002
28
2492
2405
