2174
2015
2252
2146
1954
1974
2182
2358
2153
2081
1911
2168
2477
2141
2284
2019
2098
2192
2126
1916
2308
2215
2084
1893
2327
1666
2094
2161
1853
2390
2480
2090
2141
2268
2090
1789
2003
2099
2217
2216
2106
2268
2237
2338
2230
2351
2013
2562
2315
1776
2127
2131
2062
2280
2624
2251
2047
2584
2190
2397
2240
1961
2026
2156
2117
2039
2216
2044
4
2080
2065
2258
2358
2318
2165
2165
2414
2152
2353
2129
2337
2105
2016
2340
2287
2350
2037
2201
2440
2324
2108
1981
2188
2371
2371
2214
2493
2535
1773
2467
2496
2433
2418
2003
2261
2347
2292
2304
1644
2325
1604
2470
2160
2310
2392
1974
1955
1933
2305
2099
2176
2406
2286
2059
1378
133
2380
2025
1944
2256
7
2203
2160
2015
2168
2299
2495
2281
2157
2354
2004
2391
2118
1765
2104
2653
1810
2157
2171
1986
2320
2048
2403
2398
2741
2369
2329
1947
2373
1889
1836
2266
2385
2595
2077
2112
2190
2326
2169
2491
2484
2408
2198
2073
2078
2076
2069
2142
1828
2336
2157
2235
2372
2063
1945
2509
2107
2193
1987
2170
1999
2365
2184
2291
2628
2696
2565
2305
2439
2217
1961
2049
2061
2149
2315
1779
1779
1779
1779
1779
2166
2367
1866
2027
2148
2048
2354
1950
2096
2515
2195
1892
2224
2106
1912
1924
2455
2444
2007
2197
2033
2059
2457
2167
2211
2307
2360
2100
2318
2396
1984
2040
2092
2561
2305
2499
2332
1801
1801
2111
1664
2411
2026
2454
2196
1991
2459
2351
2418
2296
2046
2264
2029
2351
1770
2153
2128
2643
2643
2247
2200
1956
2348
2194
2578
2471
2301
1991
2245
1881
2346
2346
1970
1987
2445
2144
2092
1852
2361
2163
2244
1997
2175
1606
2415
2297
2182
2522
2185
2107
2315
2525
2124
2020
2377
2093
2141
2037
2570
2402
2291
2265
2032
2031
1873
2183
2349
2560
2118
2003
1966
2285
2252
2434
2225
1994
2091
2450
2133
2183
1980
1966
2112
2108
2234
2390
2213
2115
2058
2201
2636
2161
2139
2130
2181
2037
1930
2134
2507
2126
2151
2412
2216
2499
2441
2471
2104
2091
2097
2382
2114
2270
1997
1938
2411
2411
2152
2233
2370
2108
2383
2088
2040
2274
2025
2425
2157
1974
1920
2436
2123
2340
2344
2317
2314
2312
2133
2275
2465
2276
1887
1882
1878
2081
2449
2280
2131
2242
2121
2204
2292
2424
2153
2404
2354
2147
2164
2207
2739
2086
2298
2186
2186
2186
2182
2131
2157
2036
2079
2526
1971
2091
2053
2083
2125
2203
2287
2174
1905
2221
2603
2155
2264
2228
2239
2464
2463
2105
2100
2024
1842
1971
2160
2224
2020
2198
2350
2601
2159
2501
2372
2401
2249
2135
2521
2186
1960
2386
2013
2418
2471
2057
2177
1863
2283
2331
2236
2276
2303
2502
2315
2544
2128
2641
2211
2277
2094
2025
2025
2310
2226
2256
2313
1925
2201
2199
2198
2108
2330
1954
2058
2195
2133
2417
2363
2226
2284
2380
2112
2074
2534
2294
2325
1980
2349
1954
1945
2350
1870
2150
2002
2062
1981
2123
2345
1973
2177
2121
2397
1946
2145
2744
2266
1964
2176
2106
2196
2414
2067
2153
2457
2175
2145
2299
2059
2113
2410
1651
2479
2300
1901
2439
2181
2413
1992
2038
2177
2356
2445
2197
2521
2355
2086
2132
2133
2201
2240
2293
2306
2291
2291
2287
2293
2293
1980
2305
2409
2199
2596
2227
2029
2059
2137
2329
2109
2178
2283
2263
2297
2143
2218
2219
2316
2448
2047
2487
2265
2269
2666
2236
2534
2310
1788
2331
2050
2162
2360
2430
2310
1865
1936
2133
2419
2133
1807
1656
1563
2050
2284
2559
1909
2294
11
1970
2376
2046
2250
2637
1991
2510
2295
2606
2259
1973
2058
2094
2021
1936
1936
1897
1865
2114
1973
2420
2516
2351
2166
2527
2552
2204
2505
2332
2231
2310
2095
2456
2262
2050
1999
2273
2064
2373
2494
2506
1822
1725
2026
2593
1901
2037
1905
2171
2140
2244
1964
2050
2181
2144
2266
2170
2364
2061
2199
2107
2467
2450
2103
2214
1853
2257
2498
2378
2245
2473
2136
2140
2160
2059
2510
2114
1694
2388
2329
2207
2147
2268
2215
2203
1924
2018
2284
2113
2578
2232
2279
2270
2382
5
2311
2441
2396
2083
2373
2462
2341
1914
2389
2174
2175
2110
2264
1967
2154
2403
2299
1915
1657
273
2236
2607
2137
2177
2242
2411
2260
2030
2312
2302
2296
2269
2271
2184
2669
1936
2172
2472
2147
2231
2108
2270
2624
2428
2227
2399
2201
2199
1952
2146
1930
2283
2349
2294
2202
2159
2334
2407
2312
7
2399
2205
2002
2344
2297
2115
2518
2166
1976
2655
2289
2281
1873
2239
2194
2201
2113
2204
1859
2051
2414
2037
2382
2382
2337
2572
2285
2186
2587
2025
2092
1756
2170
2007
2252
2118
2305
2329
2228
2216
2258
2445
2327
2126
1974
2201
2027
2233
2095
1927
2195
1948
2268
1867
1848
2416
2090
2069
2271
2017
1994
2404
2260
2155
2259
2270
1962
2586
2089
1848
2121
1900
2303
2380
2020
2004
2363
1845
1818
2227
2227
1024
2173
2223
2098
2091
2456
2318
2318
2275
1915
2213
1934
2357
2504
2689
2244
2162
2394
2184
2314
2064
2114
2430
2135
2152
2296
2764
2194
2127
1946
2105
2613
2502
2359
2316
2089
2367
2100
2283
2323
2432
2395
2136
2715
2357
1946
1922
2189
1927
2430
2215
2357
2118
2085
2524
2031
1915
2226
2416
1923
2050
2379
2294
2179
2369
2425
2261
2218
2213
2288
1937
2261
2271
2370
2262
2067
1801
2142
1922
1919
2030
2076
2189
2445
2244
1824
1768
2239
2265
2199
448
2153
2039
1931
2028
2267
2016
2024
2195
2342
2642
2058
1945
2166
2075
1934
2019
1228
565
219
1936
2536
2300
2626
2146
1872
2030
1948
2074
2032
2121
2121
2401
2112
2149
2157
2400
2673
1797
2090
2374
2173
2087
2475
2048
2133
2004
1948
2133
2209
2444
1964
2036
2171
1942
2502
2314
2171
2259
2093
2506
2108
2506
2258
2422
2022
1870
2258
1966
2105
2376
1987
2039
2039
2177
2334
1970
2171
2425
2103
2180
2310
2053
2045
2031
2158
2270
2343
2356
2046
2375
2088
2342
2033
2477
2270
2023
2194
2184
2209
2242
2453
2507
2061
2126
1973
2196
1930
1180
757
2390
2323
1853
2479
2044
1777
1699
2523
2119
2250
2487
2109
2305
2228
2090
2307
2387
2283
2283
2032
2148
1992
2248
2338
2287
2202
2145
2145
1908
2357
2281
2028
2028
1965
2010
2108
2059
2068
2241
2220
2268
2045
2155
2144
2191
2450
2507
2238
2210
2751
2298
2322
2322
2303
2288
2254
2254
2463
2463
2350
2320
1966
2099
2200
2097
1926
2535
1991
2252
2206
2007
2088
2007
2386
2141
2572
1956
2249
2085
2129
1852
2116
2309
2217
2154
2268
2139
2340
2085
2150
2132
2050
2254
2575
2034
2059
2170
2189
2128
2036
1829
2295
2195
2004
2212
2309
2227
2183
2185
2184
2180
2062
2391
1920
2001
2174
2065
1969
2300
1883
1847
1789
2303
2248
2392
7
2099
2349
2080
2386
2200
2473
2291
2209
2346
2110
2004
2281
2149
2115
2039
2291
2137
2020
2207
2366
2056
1816
2330
2473
2279
2244
2395
2054
2221
2441
2401
2058
2193
2106
2407
1978
1884
2232
1964
2546
2450
2558
2488
1788
2442
2225
2092
2404
1395
2089
2322
2240
2380
2463
2158
2239
2230
2368
2257
2337
1887
2204
2391
1892
2072
2009
2133
2231
1888
2045
2195
2126
1957
2177
2099
2149
2089
1766
2292
1871
2335
1977
2046
2022
2003
2253
2541
2043
2451
2073
1692
2171
2292
2292
1801
2178
1794
2283
2283
2053
2262
2140
2168
2129
2129
2294
2237
2301
1717
2208
2385
2219
2272
2391
2183
1823
2266
2124
2242
2378
1985
2341
2371
1912
2158
2268
1832
2058
2305
2305
1787
2403
2403
334
2246
2404
2196
1906
2250
2001
2265
2338
1962
2126
2545
2216
2150
7
2261
2135
2135
1984
2393
2073
2228
2229
2218
2018
2025
2166
2309
2453
2360
2217
2466
2269
1684
2240
2240
2566
2042
1982
2289
2222
2246
1889
2490
2237
2199
2254
2071
1954
1951
1885
2166
1700
2250
1935
2291
2390
2049
2061
2525
2182
2055
2067
2301
2055
1923
2256
2309
2264
2060
2243
2485
2095
2404
7
2061
2019
2061
2110
2110
2423
1960
2047
1951
1896
1919
1876
1835
2128
2192
1998
2091
2214
2411
2206
2413
2003
2003
2393
1848
2130
2097
1865
1865
2136
2599
2653
2072
2142
2100
2268
2394
2269
2133
2100
2296
1996
2485
2222
2232
2092
2443
1870
2530
2458
2262
2402
1867
1957
1932
2173
2112
2139
2369
2170
2277
2263
1882
1965
2049
2410
2315
2152
2374
2328
2040
2214
1947
2451
2117
2083
2114
2245
2245
2243
2225
2221
2219
2180
2156
2156
2140
2233
2155
2327
2131
1984
1968
2124
1994
2139
1940
1915
1951
2062
1927
2343
1960
2100
2273
2217
2187
2368
2659
2348
2502
2013
2238
2518
2086
2522
1811
2277
2115
2186
2269
2190
2443
2196
2294
2049
2349
1862
1859
2225
2250
2039
2204
2136
2302
2105
2120
2205
2256
2082
2610
2453
2409
2299
2312
2226
3
1690
2445
2298
2320
2690
1856
2025
1920
2285
2213
2141
1870
2358
2411
2121
2279
2272
2352
1938
2309
2429
2129
2338
2253
2100
2256
2005
2060
2293
2309
1856
2595
2449
2231
2302
1914
1930
1930
1878
1878
2103
2053
2315
2329
2557
2464
2182
2269
2407
2255
2300
2173
2231
2033
1791
1791
2245
1984
2097
2505
2153
2017
2088
1864
2072
2130
2109
2155
2540
2126
2126
2126
2106
2312
2375
2259
1925
1955
2016
2464
2237
2214
2211
2256
2334
2404
2495
1974
2259
2002
12
2413
2004
2163
2247
2247
2252
2296
2397
2149
2523
2205
1831
2412
2412
2135
2005
2005
2331
1876
2185
2546
1578
898
2274
1945
1898
1889
1889
2033
2400
2262
2040
2381
2233
1946
2093
2101
2101
1925
2430
2614
2066
1763
1992
2146
1876
2123
2088
2348
2398
2251
2252
2129
1996
2153
1951
2068
2252
1787
5
2215
2104
2057
2130
2116
2044
2285
2032
2136
2230
2513
2122
2202
2042
1870
2063
1967
2601
2259
2451
1971
2250
2152
2084
2043
2395
2238
2069
2407
2217
2250
2520
2393
2409
2059
2269
2125
2407
1863
2042
2274
2068
2193
2193
2182
2250
2335
2414
1978
11
2464
2084
2209
2385
2118
1963
2400
2260
2166
2007
1997
2346
2025
2238
2381
2058
2409
2526
2214
2116
2084
2027
2482
2077
2337
2190
2509
2187
2050
2104
2262
2341
2184
2209
2071
2080
2751
2291
1788
2606
2000
2000
2409
1909
2500
2530
2178
2008
2090
2090
2396
2454
2152
2116
2378
2038
1928
1966
2199
2173
1971
2200
2074
2182
2182
2100
1987
1955
2210
2390
2195
1870
2302
2741
2028
2233
1966
2066
2168
2095
1994
1852
2150
2034
2194
2070
2152
2088
2235
2154
2103
2057
2284
2166
2662
2175
2268
2533
2287
2327
1849
1850
1796
2101
2315
2302
2297
2297
2297
2296
7
2487
2133
2024
2024
2003
2003
2003
2113
2503
2121
2219
2335
2433
2433
2393
1898
2410
1936
2045
2196
2240
2356
2345
2254
2132
2087
2031
2017
2206
2382
2012
1996
1996
1915
1880
687
403
15
2186
2234
2117
2204
2138
2334
2649
2257
2249
2095
2177
2227
2195
2037
2241
2176
2028
1893
1660
2666
2518
2560
2140
1672
2446
2108
2238
2327
2042
1930
2354
2315
2543
2124
2427
2127
1991
2212
1989
2478
2567
2037
1905
2200
2227
2125
2001
1904
1901
2144
2448
2237
2091
2192
1746
2349
2304
2167
2093
2316
1941
2433
2044
1894
2230
1934
2037
2015
2268
2223
2223
2067
2080
2423
2144
2103
2021
2178
2208
2336
1929
2066
2443
1966
2176
1934
2012
2412
2275
2387
2430
2102
2242
2167
2011
1976
2107
2192
2001
2000
1928
1825
2457
2457
1939
2052
2444
2436
2023
2278
2074
1716
2101
2545
1853
2210
2371
1961
1931
2116
2314
2312
2008
2004
2060
2200
2276
2269
1865
1865
2366
2068
2302
2116
2283
2166
2214
1901
2551
2017
2125
2349
2275
2023
2445
2231
2426
2530
2118
2067
2205
2257
1771
1771
1730
1725
1733
1700
2439
2066
2146
2146
2336
2067
2056
1920
1908
1680
1530
2185
2170
1879
2182
1911
2498
2545
2166
2107
1963
2351
2305
2083
2080
2115
2178
1762
2084
2299
2293
2137
1920
2336
2098
1978
2019
1997
2016
2009
2508
2023
2016
2103
2530
2312
1838
2137
2103
2465
2125
2264
2209
2204
2141
2139
2139
2138
2257
2100
2323
2258
2043
2340
2245
2205
2128
2119
2307
2271
2187
2494
2086
2259
2248
5
2348
2281
2055
2347
2210
2055
2603
2068
2092
2267
2106
2494
2309
1930
2241
1943
2036
2476
2288
2155
2414
2052
1996
2064
2535
2561
2278
2005
2156
2384
2274
2147
2481
1868
1910
2410
2410
2416
1867
2173
2533
2494
1948
2107
2285
2140
2041
2452
2141
2083
2099
2250
2406
2356
2212
2320
1973
2509
2251
1961
2322
2387
2476
2570
2217
2004
1800
1811
1800
2119
2584
2229
2236
2126
2478
2264
2174
2187
2384
2025
2129
2329
2204
2349
2184
2231
2181
2027
2374
2286
2041
2011
2559
2179
2243
2413
2593
1942
2189
2332
2146
2416
2487
1968
1968
2463
2125
2178
2178
2265
1993
2314
2204
2068
2076
1938
2316
5
2096
2049
2503
2504
2364
2184
2275
2241
2207
1898
2570
2168
2154
2477
2148
2231
2392
2562
2205
2048
2105
2073
2404
2053
2009
2010
2369
2419
2471
2413
1995
2181
2191
2373
2252
2468
2106
2085
2575
2068
2253
2211
2005
2296
1948
2384
2338
2378
2260
2034
2086
2094
2007
1939
2508
2534
2014
2350
2327
2131
1985
1939
1939
2173
2237
2371
2170
2214
2452
2491
2564
2170
2166
1828
1948
2166
2147
2033
2138
2088
2088
1845
2158
2203
1941
2627
2268
1896
2440
2008
2250
2188
2039
2412
2082
2127
2355
2312
2304
2319
2316
2316
1901
2102
2207
2237
2076
2304
2226
1953
2475
2120
2311
1744
2185
1717
1642
2008
2176
1702
2032
2473
2502
2493
2360
2090
2359
2222
2099
2037
2037
2118
2346
2056
2381
1867
2287
2264
2016
2090
2140
2070
2514
2514
2219
2635
1992
2039
2208
2119
2141
2283
2217
2286
2391
2196
2355
1935
2231
2331
2072
2252
2252
2187
2076
2149
1659
2222
2131
1926
2189
2428
1856
1755
2482
2348
2035
2095
2599
2164
2171
2316
1921
2096
2311
2326
2282
28
2484
2279
1918
2211
2415
2429
1914
2305
1829
2179
2178
2032
2138
53
2022
2123
2244
2037
2092
1993
2135
2063
2113
2388
2071
2453
2304
2252
2530
2004
2240
2104
2027
1992
2412
2193
1999
2282
2159
2301
2386
2201
2082
2207
2363
2232
2285
1969
2427
2104
1856
2222
6
2580
2571
2082
2082
1544
2113
2212
2034
2140
2140
2198
2304
2290
2028
2012
2146
2287
2139
2518
2050
2309
2325
1942
2034
2121
1958
2248
1983
1972
2667
2150
1722
2421
2201
2073
2351
2419
2256
1950
1901
2072
2243
2055
2091
2181
1653
570
2320
2409
2437
2437
2382
2016
2209
2197
2197
2121
2523
2141
2031
2160
8
2251
2016
2016
2388
2230
2315
2341
1899
2334
2291
2333
2272
2106
1931
2318
2450
2463
2062
2392
1960
2152
2158
1916
2104
2452
2360
2411
2067
2488
2016
2402
2169
2309
2225
2090
2620
1830
1780
2021
2181
2154
2070
2025
2160
2174
1929
1915
2215
1981
2419
2375
2272
2267
2223
1968
2234
2288
2392
2410
2161
2367
2169
1718
2242
2242
2100
2308
2094
1998
1908
1742
2222
2228
2264
2253
2252
1669
2279
2222
2378
2320
2264
2219
2008
2180
1910
1763
2095
1965
2603
2074
2434
2006
2055
2182
1769
2295
2364
2239
2239
2145
7
7
2133
2133
1784
1997
2261
2470
1996
1968
1933
2177
2202
2202
2163
2371
2118
2091
2365
1240
1233
759
2053
1858
2189
2342
2262
1830
2089
2148
2596
2066
2525
1748
1951
1950
2165
2500
2295
2262
2026
2139
1987
1985
1961
1952
1947
2180
2131
2022
2036
1951
2080
2319
2127
1984
2156
2219
2291
2028
2246
2566
2768
2236
2060
2056
2466
1934
2019
2102
2193
2218
2178
1820
2023
1855
2428
2303
2365
2166
2002
2395
2165
2051
2086
2367
2309
2237
2372
2019
1737
13
9
2405
2239
2214
1902
1882
2498
1919
1780
2356
2343
2179
2394
1871
1982
2529
2216
1809
2102
2143
2424
1902
6
2063
2479
2304
2370
2195
2483
2175
2286
2055
1806
1756
2435
2408
2420
2050
2238
2323
2262
1986
2207
2286
2120
2439
2164
2241
2386
2368
2152
1841
1738
1644
1650
1648
2117
2152
2211
2310
2048
2270
2086
2254
2563
2348
2395
2124
2107
2101
2035
2030
2191
1972
1996
2216
2157
2303
2278
2142
2150
2352
2382
2126
2058
1889
2020
2057
2386
2303
1923
2428
2344
1976
2334
2236
2129
1877
2070
2394
2245
2272
2101
2066
2292
2215
2401
6
2502
2502
2216
2051
2104
2390
2358
2175
2175
2248
2239
1942
1861
2068
2169
2392
8
1920
2221
2187
2219
2099
2194
2080
2091
2180
2175
2182
2335
2645
2129
2404
2304
2167
2154
2331
2273
2334
2302
2124
2161
2579
2323
2245
2301
2192
2105
2314
2585
2357
2100
2005
2162
2261
2297
1991
2292
2381
1884
2012
2025
2119
2173
2173
2198
2403
2077
2062
2056
2056
1966
1966
2009
2083
2233
2479
2304
2182
2335
2532
1808
2175
2184
2327
2302
2114
1810
1986
2432
2409
2407
2408
2405
2340
1976
2450
1971
2387
2559
2559
2191
2381
2152
9
7
2513
1878
2267
2262
2205
2104
1951
2148
2157
2002
2073
2300
2300
2129
2097
1744
2114
2192
2311
2220
2038
2421
2192
2230
2182
85
2244
2688
2112
2230
2221
2221
2222
2206
2206
2376
2064
2401
2055
2205
2603
2233
1988
2019
2273
2067
1926
2215
2129
2153
1976
1838
2173
2163
1965
2623
2623
2357
2224
2168
2014
2022
1923
2282
2282
2299
2034
2068
2569
2079
2074
2256
2360
2167
2237
2538
1925
1962
2337
2025
1833
2155
2625
2259
2550
2307
2323
7
7
2327
1973
2125
2615
2625
1998
1658
2342
2254
2143
2485
2405
2362
1934
2142
1972
2150
2411
1851
2012
2280
2040
2036
2018
2258
1975
1913
2071
2438
2079
2257
2140
2003
2337
2247
2012
2047
2352
2349
2151
2317
2245
2355
2072
2572
1995
1832
2162
2621
2010
2242
2515
2252
2355
2355
2237
2053
2618
2356
2218
2216
2059
2261
1747
2449
2217
2129
2002
2049
2157
2221
2371
1984
2328
2146
2359
2172
2477
2306
2188
2032
2222
2292
2136
2172
2280
2363
2392
2021
2318
2094
2063
2140
1899
1752
2140
2051
2253
1873
2023
2142
2195
2423
2472
2083
2121
2336
2563
2090
2379
1819
1874
2034
2346
2122
2119
2336
2145
2310
2094
2209
2316
2187
2201
2166
1922
2158
2252
2106
2012
2090
2286
2661
2132
2111
2245
2271
2111
2227
2216
2400
2528
2175
2146
2105
1757
2159
2170
2371
2011
1969
1947
2303
2224
28
2434
1951
2195
2289
2248
2080
2099
2219
2056
2228
2598
2187
2023
2052
2089
2061
2366
2224
2136
2369
1941
1929
2292
2323
2319
2262
2239
1926
1850
2425
2527
2605
1907
2413
2113
1720
2317
2465
2267
2112
2517
2144
2062
1808
2473
2024
2274
2200
2402
2284
2129
2382
2159
2540
2020
2141
1964
2239
2056
1951
1858
2264
2222
2018
2285
2602
2150
2418
2023
2248
2527
1897
1873
2254
1543
2521
2302
1894
2641
2012
2044
1977
1802
1802
2272
2359
1851
2341
2256
2127
2023
2154
2269
2203
2344
2025
2450
1879
2451
1964
1964
2218
2218
2215
2294
2549
1902
1816
2431
2192
2068
2078
2050
2075
1921
2336
2214
2214
1956
1073
864
2432
2335
2428
2264
2209
2152
2208
2084
2324
2214
2253
2309
2190
2076
2231
2267
2158
2158
2145
2141
2397
1885
1853
2023
2266
1804
2515
2239
1862
2145
2135
2497
2481
2398
1960
1936
1724
1725
2544
1890
2425
2115
2128
2066
1928
1948
1814
2263
1805
1809
2290
2090
1888
2281
2443
2389
2287
2303
2075
1582
393
2663
2246
2050
2104
2126
1964
2586
2321
1996
2152
2186
2185
2063
2255
1859
2399
2001
2339
2365
2237
2175
2134
2412
2225
2265
2177
2103
2215
2135
2150
2092
2155
2115
2461
2351
2034
2328
2269
1890
1957
2567
2424
2331
1972
2249
2483
2282
2403
1983
2374
2199
2011
1785
2090
1637
2253
2013
2151
1752
2258
2236
2191
2195
2023
1996
2019
2253
2281
2200
13
2129
2081
2115
2294
2159
2334
2057
2340
2619
2619
2478
2202
2360
2241
2508
2136
2079
2303
2221
2099
2062
2141
2391
2202
2478
2345
2447
2068
2165
2206
2541
2563
2381
2074
2427
2152
2198
2281
2204
2149
2360
2213
2383
2223
2322
2303
2219
2210
2084
2505
1716
2430
2399
2450
2213
2055
1817
2421
2264
1904
1853
1622
2526
2274
2325
2309
1787
2020
2296
2372
2451
2357
1824
2309
2055
2068
1956
2019
1961
2224
2290
2545
2364
2319
2108
2031
2337
1954
2081
2328
2138
2385
2224
1973
2190
2274
2023
2406
2224
2336
2280
2017
2256
2138
2009
2035
2016
2342
1953
2393
2337
2527
2140
2386
2000
2174
2120
2222
2748
2465
2438
2385
2382
2224
2248
2239
2226
2037
2515
2245
2169
1954
2354
2267
2592
2566
2431
2540
2098
2206
1949
1949
2162
2104
1710
2230
2010
2179
1924
1677
2058
2070
2344
2206
2067
2225
2309
2187
5
2015
2062
2342
2051
2262
1895
2436
2029
2228
6
2315
2265
2162
2271
2209
2529
2358
1965
2129
1803
1738
1732
2116
2150
1987
2425
2392
2023
1893
2016
2690
2106
2541
2069
2243
1827
1973
2456
2286
2193
1966
2192
2224
1896
2350
2102
2275
2437
2550
2478
1755
2205
2023
1867
2396
2022
2136
2358
1996
2245
2426
2102
2002
2315
1850
2250
2140
2021
1959
2080
2049
2043
2050
1962
2110
2255
1890
2451
2267
2164
2606
2222
2246
2172
2383
2316
2216
2216
2005
2132
2033
2544
2216
2229
2323
2256
2443
2026
2216
2151
2318
2482
2095
2099
1983
2396
2285
2266
2520
2232
2108
2088
2088
2167
2317
2163
1831
2335
2257
2457
2013
2146
1987
2330
2390
2051
1897
2585
1765
2305
2302
2257
2189
2187
2186
2186
1711
1976
2048
2506
2121
1985
2118
2459
2212
2376
2276
2221
2167
2049
1812
2200
2107
1991
2083
2391
2135
1777
1993
2049
1958
2267
1945
2214
2184
1940
2198
2690
2562
2172
2190
2200
1979
2143
2213
2291
2120
2237
2269
2235
1999
2324
2508
1768
1768
2172
1981
2326
1930
1949
2132
2084
2521
1807
2415
12
2228
2174
2229
2215
2323
1990
2243
2239
1777
2151
2375
2093
2093
2090
2102
2102
2059
2211
2219
2654
2050
2255
2366
2078
2227
1993
2097
2086
2046
1980
2438
2041
2246
2220
2159
2259
2663
2229
2308
2014
2250
2172
2048
2054
2266
2078
1921
2327
2239
2452
2254
2058
2287
2025
2139
2331
2034
2348
2263
2479
2523
2207
1940
2189
2377
2244
2012
2346
1975
2205
2084
2408
2175
2163
2367
2174
1944
2120
2156
2089
2239
2193
2317
2747
2025
2311
2022
1860
2040
2441
2305
2218
2526
2852
2257
2150
2045
2335
2021
2370
2344
2550
2091
2268
2535
2098
2014
1705
2282
2147
2244
2535
2419
2256
7
1908
2350
2260
2156
2071
1965
1962
1749
2124
2037
2037
2012
2258
2124
1974
2361
2118
1909
2311
1980
2301
2106
2159
1985
1957
2494
2357
2145
2140
2211
1744
2182
2131
1929
2279
2582
2049
1864
2140
2236
1993
2221
2595
2129
2091
2366
2116
2116
1943
2084
2196
2018
1894
2286
2311
1710
2396
2193
2020
1876
2354
2120
1944
2349
2278
2248
2633
2633
2292
2017
1826
1982
1982
2146
2247
1795
2564
2032
1971
2566
2151
2550
2117
2219
1892
1794
2230
2145
2538
2239
2151
2343
2495
2177
2284
2233
1781
2297
2660
1948
2191
2309
2272
2272
2270
2203
2196
2015
2119
1922
2204
10
2259
2238
2359
2359
2212
2270
2554
2287
2551
2060
2171
2036
2506
1750
2170
1818
2009
2561
2398
2414
1869
2139
11
2340
1959
2237
2222
2253
2252
2252
2429
1673
2401
2042
2306
1993
2508
1836
2201
2535
2003
2151
2086
2054
2360
2064
2390
2247
2282
2310
2277
2250
2141
2178
2010
2357
1875
2342
2247
2506
2262
2013
1890
12
10
9
2133
2365
2109
1940
2107
2181
2323
2052
2269
2477
2163
2176
2711
2251
5
1902
2429
1955
1955
2304
2091
2362
2362
1920
2760
2151
1691
1805
1824
1884
2014
2916
1955
2013
2213
2149
1886
1931
2333
2040
2159
2200
2159
1806
1779
2612
2168
2434
2296
2242
2326
2313
2468
2083
2122
2511
2339
1962
2378
2014
2185
2149
2048
2310
2072
2146
2112
2177
1933
1992
2370
2313
2313
1986
1982
2280
2253
2312
2397
2494
2121
2422
2545
2301
1998
2161
2027
2237
2421
2464
2106
2276
2170
2072
2319
2203
2077
2502
2526
2140
2692
2356
2400
2362
2088
2267
2156
1984
2547
1782
1910
2221
2009
2790
2153
1830
2605
1697
1981
1645
490
2434
2370
2125
2262
2539
2369
2045
1897
1927
2167
2635
1930
2561
2315
2391
1929
2117
2090
2499
2263
2314
2289
2475
1844
2280
1940
1919
2238
2072
1899
2237
2117
1985
2046
2426
2237
1965
1991
2233
2035
2322
2284
2205
2366
2164
2002
2218
2113
2414
2258
2277
2220
2214
2205
2213
2050
1866
2115
2192
2187
1813
2239
2407
2138
2333
2124
2185
2525
2281
2009
2304
2593
2124
1827
1996
2321
2370
2420
2179
2497
1905
2682
2448
1981
2121
2238
2288
2258
2213
1918
2510
2166
1980
2351
2501
2194
2035
2645
2378
2306
2321
2144
2307
1902
2566
5
5
2153
2049
2009
2076
1758
2252
1991
2258
2405
2512
2248
2437
2256
2038
2573
2575
2568
2568
2566
2560
1851
2510
2466
1966
2550
2021
2276
2008
2147
2259
2590
2280
2280
2280
2259
2259
2232
2412
1930
2262
2399
2038
2822
1924
2208
1798
2140
1939
2390
2198
2100
2320
2047
2185
2502
1853
2224
2185
1872
2327
2313
2467
1676
2311
1753
2002
2266
1986
2290
2247
2224
2554
7
2192
2415
2343
2566
2566
2302
2380
2384
2384
2546
2167
2511
2332
2092
2231
2046
2442
2104
1853
1931
2190
2327
2302
2295
23
23
9
12
1940
1924
1924
1905
1862
1601
2011
2154
2234
2459
2268
2386
2297
2244
2546
2350
2236
2009
2289
7
2111
2142
2048
2410
2217
2211
1786
2015
2272
2301
1993
2258
2296
2298
2137
2137
2262
2015
2530
2224
1863
2663
2334
2287
2369
2402
2301
1929
1946
2037
2200
2185
2185
2297
2175
1903
2076
2339
1955
2381
2320
2054
2115
2419
2565
2169
2358
2384
2213
2009
2482
1935
1935
2313
2347
2066
2033
1957
2257
2383
1938
2093
2181
2262
1842
2189
1985
2184
2434
1909
2216
2453
2069
2241
2111
2348
1989
2245
2128
2041
2150
2141
2370
2295
2385
2003
2132
2055
2055
2524
2268
2312
2312
2189
2114
2145
2607
2025
2160
2644
2644
1757
2359
2353
2281
2520
2259
2488
2488
194
1933
2470
2072
2230
2157
2129
2194
1724
1982
2022
2055
2012
1880
2102
2027
2069
2312
2227
2577
2172
2227
2433
2223
2271
2221
1959
2296
2019
1844
2092
1979
2333
2411
1883
2246
2600
2084
2419
2145
2059
1943
2139
2200
2128
1982
2227
2137
2173
2206
2122
2538
2489
2001
2138
1864
2224
2134
4
2073
2216
2362
2330
2662
2457
2123
2282
2118
1998
2448
1952
2337
2420
2340
2040
1870
1922
1852
2334
2305
1945
1908
1879
1862
1792
2465
2285
2264
2264
1686
2009
2491
1908
2274
2274
2218
2074
2373
2332
2292
2207
1816
2655
2442
2415
2063
2371
1844
2120
2294
2371
2320
2193
1965
2296
2018
1866
2322
2198
1977
2131
1859
1658
2567
2388
2211
2267
2037
2134
2307
1913
2499
2009
2334
1924
1738
1824
2314
2146
2063
2298
2102
2100
2059
2059
2583
2483
2333
2405
2248
2848
2101
2102
1868
2092
2062
1975
2389
2000
2317
2563
2343
2171
2170
2256
2148
2080
2532
2019
2219
2127
2166
2590
2328
2109
1975
2143
2327
2138
2374
2232
2225
10
2310
2211
2113
2410
2289
1959
2247
2500
2332
2155
2517
1966
2594
2190
2313
2335
1917
2179
2063
2127
2090
1851
2463
2200
2065
2644
2003
2304
1957
2241
2350
2274
2072
2323
2203
1984
2066
2158
2004
2261
2026
2176
2071
2284
2145
2575
2301
1995
2070
2371
2284
2058
2133
2354
1959
2379
2377
1916
2472
2093
2144
2011
2212
1982
2350
2096
2211
2160
2226
1979
2305
2150
2198
2184
2323
2308
2059
2145
2125
1961
2541
2139
2305
2275
2412
1871
2612
2185
2185
1938
2014
1947
2317
2264
2378
2163
2276
1702
1694
1804
2105
2171
2187
2097
2320
1896
2504
2450
2309
2097
2194
2085
2085
1898
2011
2521
2136
2378
2310
2214
1870
2116
1928
2364
2361
2127
1758
1758
2477
2435
1833
2015
2181
1863
2278
1962
3
6
2228
2178
2273
2419
2146
2098
2325
1998
1981
2251
2072
2363
1916
1888
2066
1844
1844
2252
2039
2441
2147
2146
2405
2265
2076
1976
2653
2658
2358
2365
2219
2239
2124
1959
2369
1794
2664
2122
2127
2121
2181
2450
2094
2396
2154
2138
2285
2014
1970
2329
2326
2326
2294
2289
2350
2071
2128
2205
2097
2256
1900
1945
2241
2235
2092
2148
2364
2026
2040
2145
2181
12
10
9
2062
2321
2194
1694
2107
2232
2232
2057
2117
2011
2129
2102
2186
2154
2026
2296
2381
2061
2086
2059
2560
2350
1943
2278
2062
2387
2331
1997
2549
2549
2153
2302
2182
2338
2569
2535
2012
2541
2241
2434
2118
2238
2251
2044
2152
2296
2240
2642
2346
2120
2277
2206
2366
2459
2252
2195
2500
2331
1995
2100
2100
1865
2340
2028
2005
2430
1965
1870
2245
2133
1798
2135
2116
2239
2201
2025
2257
2156
2291
2196
2112
1797
1951
2294
2031
2537
1957
2412
1959
1189
1155
2492
1790
2187
2490
2489
2178
2200
1931
2451
2403
1916
2055
1917
2238
2109
2307
2143
2233
2229
2261
2230
2392
1995
2120
2113
1886
1808
2309
1949
2335
2100
2155
2195
2055
2392
2193
2175
2004
2118
1678
1945
2223
2319
1910
2169
2050
1902
2281
2145
2018
1949
1736
2178
2072
1907
2224
2171
2386
2051
2476
1934
2182
1663
2273
2113
2291
2614
2477
1954
2313
2276
2245
1892
2500
2500
2316
2214
2288
2308
2308
2005
2185
2602
2095
2028
2211
2198
2075
2383
1994
2221
2221
2583
2092
2340
2272
2719
1996
2483
1850
19
2077
2458
2008
1933
2363
2011
2446
2115
2036
2139
1884
1970
1985
2284
2315
2716
1855
2403
2111
1794
2205
2227
2247
2059
2338
2210
2044
2279
2501
2023
2133
2211
2317
1900
1924
2400
2007
2118
1698
2039
2307
2245
2443
2361
2136
2170
2011
2741
2313
1949
2300
2009
2106
2536
2067
1983
2022
2261
2261
2261
2230
2197
2190
1964
2247
2189
2092
2342
1997
2203
2181
2116
2407
2112
2347
2059
2271
2670
2153
2279
1772
2547
2003
2151
2127
1731
2016
2386
2530
2184
2101
1765
2610
2150
2288
2270
2133
2285
2337
2083
1721
2495
2663
2136
2068
1947
2250
2339
2506
1898
2284
2359
2381
2019
2132
2002
1889
2628
2224
2222
2110
2168
2370
2299
2557
2139
1965
2285
2274
2001
2440
1942
2371
2169
2629
1951
2297
2651
2221
2300
2610
2127
1825
2061
2211
1945
2537
2226
2008
1941
1941
2042
2392
1913
2290
2221
1798
1892
2403
2502
1935
2314
2033
2149
1995
2118
2583
1976
2646
2014
1712
2225
1765
2019
2099
2222
2229
2268
2167
1709
2031
1715
2523
2373
2209
2106
2013
2348
2549
2048
2459
2126
1969
2445
2231
2325
2083
2400
2657
2055
2334
2211
2069
1961
2203
2301
2238
2081
2179
2385
2006
1778
2463
2190
2399
1727
1715
2040
2384
2181
2333
1947
2222
2430
2222
2584
2355
2242
1970
2291
2091
2002
2066
2306
1766
2233
2361
2295
2068
2276
2173
2105
2166
1988
2166
2453
2232
2235
2546
2156
2043
2450
2209
2157
2224
1979
2324
2322
2317
2303
2288
2302
2345
2031
2564
2424
2282
2065
2059
2149
2093
2371
2185
2441
2167
2041
2040
2018
2356
2043
1851
2503
2233
1989
2361
2169
1956
2287
2215
2265
2183
2216
2356
2313
2350
2023
2014
2026
2208
2010
2252
2556
2034
2034
2404
2361
2115
2398
2500
2047
2229
2370
2144
2027
2200
1867
2150
2329
1973
2262
2092
1782
2190
2387
2021
12
12
10
9
1762
1965
1923
2339
1968
1968
2163
2489
2472
1642
783
2197
1799
2192
2279
2255
2262
2117
2063
2300
1855
2196
2088
2324
2306
2198
1985
2070
2210
2655
2146
2038
2332
2066
2012
1775
2293
1610
2403
2078
2545
2297
2405
2125
2067
2094
2018
2394
2603
2295
2435
2036
1741
14
14
2308
1788
2049
2331
2225
2164
2151
2018
1998
2109
2542
2353
2672
2381
2199
2334
2429
2383
2421
2249
2069
2157
2299
2121
2417
2094
2283
2223
1869
1839
1830
1824
1826
2171
2254
1936
2695
1980
2173
2279
2156
2158
2381
2260
1963
2137
2225
2225
1988
2295
2033
2254
1907
2217
2336
2030
2327
2015
2453
2062
1959
2021
2182
2101
2285
2206
2355
2152
1903
1812
2120
2355
2330
2049
2391
2059
2266
2464
1950
2526
2107
2156
2276
2104
2216
2492
2296
2175
2155
2217
2083
2151
2151
2370
1783
2069
2584
2338
2312
2551
1997
2228
1805
2474
2237
2371
1636
847
2159
2005
2159
2412
2269
2284
2120
2057
1837
2078
1911
2113
1902
2289
1877
1860
2054
2129
1912
2176
8
8
8
6
6
1958
1863
1927
2252
2112
2023
1941
2121
2484
2161
2286
2071
1808
1937
1885
2176
2455
2171
2272
2357
2462
2512
2218
1922
2105
1894
2386
2109
2516
1956
2154
2043
2030
2009
2204
1902
2521
1942
2225
2103
2226
2265
1784
9
7
2084
2162
2078
2070
2146
2146
2336
2185
2093
2093
2102
2089
2080
2060
1714
1895
2300
2541
2408
2367
2264
2271
2001
2248
2323
2392
2370
2043
2061
2235
2306
2534
2459
2154
2483
2664
2360
2534
2090
2015
1920
2350
2119
2395
2267
2147
2042
2243
2254
2265
2294
1918
2104
1965
2190
2190
2272
2286
1921
2068
2068
2055
2296
2533
2295
2134
2319
2267
2775
1788
2358
2000
2404
2220
2043
2373
2220
2074
2206
2018
2204
1959
1894
2210
2207
2097
1868
1904
2123
2175
2216
1883
2100
2280
2401
1895
2153
1948
6
2243
2492
2048
2141
1995
2251
2607
2049
2022
2178
1966
2311
2339
2195
2257
40
2248
2351
2323
2231
2151
2078
2377
2212
2188
2379
2232
2312
2174
2218
1829
2062
1972
2123
1956
2032
1894
2358
2290
2445
2538
2131
2477
2145
2178
1946
2546
2155
2402
2286
2606
2255
2433
2512
2186
11
2108
2009
2291
1830
2065
1989
2614
1790
2429
2087
2088
2255
2200
2334
12
12
12
2578
2104
2458
2030
2005
2420
17
14
14
5
6
3
2057
2394
1995
2334
2468
2158
2018
2422
1866
2492
2127
2151
2118
2348
1723
2160
2343
2435
2130
1967
2431
1939
2185
2493
2042
2220
2170
1984
2175
2087
1893
1923
2328
2329
2157
2623
2077
2275
2082
2057
2079
2123
2230
2028
2229
2443
5
2094
2112
2244
2146
2023
2083
2741
2122
1741
2263
2121
2218
2159
2442
2472
2308
1968
2080
2193
2195
2063
2051
2197
2203
2345
2563
2632
1736
2180
2146
2221
1909
2136
2113
2388
2242
2173
2149
2133
2087
2144
1869
2035
2309
1995
1876
2509
1822
2293
2284
2282
2243
1828
2373
2347
2030
2340
2046
2143
2317
2215
2530
2236
2078
2414
1853
2055
2057
2221
2580
2252
2384
1986
949
836
834
784
787
774
2132
2461
2222
2023
2031
2242
1943
2287
2154
2102
2194
2353
2442
2222
2024
2112
2403
2356
2254
1986
1986
2115
2305
2371
1897
1728
1718
2394
2013
1896
2410
2028
2015
2019
2366
1901
2576
2126
2126
2366
2156
2531
2004
2184
2345
1974
2452
1783
1857
2173
1870
2241
2023
2120
2105
2435
2204
2080
2050
2190
2198
1975
2004
2240
9
2373
2215
2079
2038
2038
2260
1973
2615
2325
2054
2050
2014
2000
2017
2006
2225
2259
2331
2366
2284
2267
2260
2035
2105
2392
2179
2027
2344
2234
2192
2239
1754
2016
1988
2063
2282
2099
1915
2208
2224
1959
2349
2155
2212
1781
2087
1981
2189
2349
2073
2413
1798
1798
2652
2207
2136
2194
2166
2391
2084
2144
2239
2449
2252
2464
2319
1994
2551
2031
2295
2584
2289
2112
2121
2373
1910
2417
2123
2134
2552
1904
2389
2117
1844
2273
2368
2501
2192
2161
2086
2437
1976
2567
2195
2274
1982
2220
2427
2293
2206
2451
2326
1840
1775
2050
2438
2057
2031
2373
2213
1765
2158
2235
2460
2582
2216
2079
2284
2281
1815
1806
1800
1797
1798
1775
2108
2425
1896
2382
2010
2460
2112
2208
2438
2319
1825
1896
1987
2197
2584
2536
2181
2066
2071
2075
1979
2257
2316
2316
2358
2379
2083
2404
2089
2066
2467
2013
2343
2046
1833
2267
1895
2561
2059
2297
2452
2231
2747
2072
2334
2583
1859
2127
2192
2163
1968
2504
2286
2316
2083
2287
2053
2125
2150
1831
2116
2044
2374
2524
1801
1937
2571
2219
2107
2091
2091
2088
2042
2119
2252
2055
2290
2166
2154
2140
2118
2309
1888
2003
2557
2258
1977
2207
2289
2170
2206
1759
1963
2095
2166
2077
2250
2585
2390
2018
2350
2055
2340
15
2481
2264
1768
2319
2209
2269
1968
2018
2264
2012
2247
1984
2150
2156
2269
2385
2381
2083
2553
2426
1856
2169
2218
1987
2104
1975
1848
2158
2454
1952
2017
2501
2189
2082
2402
2263
2142
1875
1866
1866
2085
2046
2208
2201
2041
2464
2660
2127
2277
2099
2170
2221
2353
2151
2221
2308
2376
2087
2395
2537
5
2184
1993
2186
2290
2466
2270
2176
2028
1897
1917
2511
2414
2195
2190
2297
2415
2064
2131
2092
2423
2423
2196
2228
2278
2250
2299
1915
2285
2109
2232
2071
2046
2278
2157
2179
2404
2166
2075
2145
1980
2025
2141
2325
2354
2181
2278
2166
2147
2391
2210
2349
2237
2178
2305
2023
2107
2201
2099
2187
2099
2157
2219
2308
2259
1986
1966
1928
1928
2407
2038
2206
2705
2151
2170
1844
2084
2066
2312
1959
1959
1994
2274
2411
2500
2526
1889
2303
2017
2337
2158
2455
2278
1980
1754
2195
1895
2365
2489
2248
2401
2340
2187
2276
1947
2642
2033
2114
2237
1930
2040
2336
2381
2348
2344
2236
2184
2454
1981
2103
2314
2174
2085
2065
2140
1753
2101
2162
2204
2121
2144
1871
2274
2071
2164
2199
2078
2258
2273
2215
2464
2206
1982
2340
2280
2126
2419
2288
2119
2618
2136
2181
1919
1999
1847
2143
1878
2248
2211
1945
2233
2147
2369
2309
1898
2367
2158
2438
1884
1884
2238
2296
1853
2311
2105
2175
2223
2385
2275
2142
1790
1894
2077
2188
1894
2100
2177
2248
1883
2528
2448
2023
2141
2006
2266
2040
2340
2104
1779
2293
2273
2134
2570
2712
2117
2010
2120
1997
1848
2261
2172
1863
2133
2394
2333
2126
2147
2416
2534
2078
2373
2261
2405
2368
2607
2198
2434
2491
2079
2047
2370
2025
2088
2476
2367
2102
1887
2291
2283
2266
2245
2227
2234
2561
2254
2281
2021
2481
2535
2239
2074
2370
2577
2279
2341
1903
2073
2575
1859
1888
2441
11
11
2291
2267
2051
2041
2199
1875
2188
2189
2595
2239
2345
2315
1873
2121
2490
2269
1934
2003
2072
2397
2119
2055
2340
2092
2317
2288
2104
1892
2190
2217
2165
2354
2087
2190
2251
2072
2412
2165
1967
2183
2487
1391
900
2118
2389
2387
2185
2124
2473
2175
6
2372
2426
1981
2170
2410
2192
2314
2154
2080
2522
2206
2070
2317
2229
2087
1973
2119
1964
2258
2238
2103
1942
2027
1697
2074
2032
2334
2362
2229
2444
2163
2045
1935
2327
2410
2204
2204
2333
2653
2243
2058
2482
2102
2164
1833
2493
2299
1848
2251
2011
2261
2281
2129
1869
2207
2174
2095
2095
2213
1765
2441
1893
2382
2194
2464
2293
2514
2447
1991
2118
2099
2416
2233
2505
2270
1963
2170
1963
2132
2435
2079
2123
1969
2667
2108
2289
2244
2229
2334
2093
2318
2274
2305
2122
2260
1873
1972
2314
2075
2009
1985
2202
2014
2064
2318
2524
2179
2003
2000
1857
2135
2024
2104
2066
7
2647
2172
2127
2663
2150
2103
2422
2342
2206
2095
2296
2228
2151
2285
1914
2316
1900
2121
2133
1947
1772
2107
2176
2248
2159
2237
2389
2079
2309
2050
2289
2424
2201
2317
2364
2029
2406
2156
2493
1986
2219
2183
2128
2405
2239
2086
2017
2332
2293
1761
2631
2610
2047
2121
2450
2593
2151
2360
1857
2181
2220
2049
2328
2108
2054
2222
2281
2164
2160
2107
2262
2222
2173
2376
1959
2302
2025
1824
1794
1998
2071
2002
2111
2075
1844
2409
2129
2452
2139
1760
2318
2027
2446
2089
2059
2229
1828
1920
2241
2592
2286
2366
2015
2183
2303
2433
2164
2405
1881
1970
2050
2474
1973
2119
2103
2131
2149
1989
2268
2150
1771
1756
2209
2269
1972
2353
4
2054
1844
2200
2395
2042
2346
1884
461
2435
2122
2173
2128
2019
2301
2236
2581
1886
2248
1893
2109
2062
2035
1981
1914
2159
2033
2033
2282
2128
2228
2234
1963
1960
1960
1900
1871
1871
2306
2276
2221
2212
2272
2036
2412
2319
2078
1976
2218
2163
2038
2101
2435
2056
2203
2292
2432
2249
2301
2110
2204
2316
2455
2184
2195
2325
2371
1801
2394
1926
2571
2294
1942
2362
2162
1968
1215
2296
2027
2096
1894
2205
2223
2269
2083
2055
1924
2241
1926
1926
2427
2419
2216
2430
2076
2239
2087
2265
2350
2083
2118
2128
2148
2175
2040
2247
2259
2259
2074
2059
2568
2324
2371
2560
2505
2094
2136
2476
1995
2474
2402
2108
2338
2338
2198
2212
2387
2076
2082
1759
2279
2300
2360
2440
2012
2423
2303
2301
2011
2048
2307
2692
2313
1843
635
1940
2311
2314
2167
2581
2416
2268
2118
2022
2157
1938
2193
1900
2414
2129
2072
2308
2087
2194
2263
2227
2270
2429
2429
2149
2074
2143
2174
1822
2160
1971
2015
1976
2245
2282
2356
2349
2256
1978
1703
2633
2192
2148
2326
2037
2479
2243
2243
2243
2103
1959
2221
2291
2139
2004
2111
2058
2306
2306
2318
2450
2136
2249
1750
2225
2148
1988
2398
2237
2318
1783
1995
2295
2136
1925
2180
1967
2686
1990
2332
2034
2062
2375
1988
2245
1916
1917
2440
2315
2404
2637
2050
2402
2073
2020
1848
2327
2031
2031
2132
2111
1956
2077
1981
2453
1927
4
1948
2017
2366
2211
2421
2069
2289
2365
2257
2428
2547
2277
2277
2366
2366
1868
2063
2544
2016
2284
2280
2192
2064
2194
2428
2282
2115
2201
1962
1919
1886
2129
2404
2454
2374
2270
2107
2353
2112
1817
2370
2052
2665
2263
1920
2143
2312
2259
2097
2309
2170
2285
2225
2387
2142
2247
2326
2046
2182
2506
2407
2234
2181
2049
2087
2322
2328
2221
1685
1989
2380
1995
1997
2220
2091
2428
2242
2326
2339
2444
2535
1816
1900
2117
2241
2091
2410
2619
2245
1971
2165
1896
2565
2393
2041
2265
2014
2065
2509
2334
2227
2144
2188
2474
2444
2229
2257
2311
1900
2126
2299
2201
2009
2406
2553
2091
2214
1987
2141
2322
2553
2210
2274
2138
2017
2350
2639
2038
1767
2052
2133
2436
2089
2324
2202
2126
2389
2172
2467
2250
2170
2171
1802
2096
2430
2424
2190
1987
2257
2593
2247
2232
2143
2067
2754
1878
2277
1991
1978
1978
1979
2336
2187
2521
2298
2283
2256
2248
1922
1805
1805
2270
2148
2336
2224
2332
1979
2065
2255
600
2257
2545
2323
2059
1967
2258
1965
2085
2129
2144
2167
1953
2237
2248
2608
2344
2105
2381
1961
1979
1979
2233
1991
2431
2229
2052
1929
1929
2031
2007
2245
2258
2076
2467
2217
1813
1813
1815
2454
2037
2261
2046
2140
2226
2194
1783
2345
2040
2036
2548
2593
1385
506
2154
2456
2384
2440
2293
2140
2188
2222
2288
2361
2515
2308
2312
2284
2215
2146
2199
2652
2465
2388
2127
2136
2200
2292
2276
2257
2096
2522
2311
2023
2226
2294
2251
6
2177
2186
2463
2420
2448
2511
2064
1989
2111
2498
2269
2082
1862
2134
2323
2257
1982
2322
2332
1863
20
2516
2136
2041
1953
2092
2343
2018
2383
2324
2150
2138
2140
2088
1834
2208
2150
2254
2139
2461
2244
1797
1758
2270
2256
2438
2018
2270
2231
2305
2421
2248
2448
2464
2265
2096
2093
1817
1805
1805
1801
1803
1803
2236
2117
2261
2112
1967
2226
2217
2504
2209
2198
1852
2382
2105
1753
2120
2471
1903
2177
2500
2259
2025
2310
1773
2089
2327
2394
2285
2311
2254
2024
1782
2200
2210
2296
2274
2227
2099
2110
2087
2077
2506
2216
11
5
1916
2180
2070
2293
2277
2443
2456
2045
2507
2527
2337
1789
1831
2200
2213
2224
2551
2312
2111
2222
2316
2531
2222
2224
2224
1939
2364
2092
2175
2044
2263
2149
2149
1860
2251
2163
1988
1828
1811
1957
2518
2186
2345
2394
2254
2149
2025
2415
2507
2146
2280
2306
2306
2102
2451
2171
2006
2222
2407
2495
2109
2246
2674
2538
2303
2061
2157
2268
1987
2437
1950
1821
2111
2035
2379
2459
2061
2469
2041
2311
2182
1911
1981
2108
2145
2313
2251
2454
2441
2206
2101
2120
2164
2001
2371
2241
2389
2340
1722
2626
2410
2069
2203
2340
2180
2088
2123
2131
2245
2345
2246
2093
2375
2375
2416
2128
2128
2428
2327
2072
2117
2188
1953
2371
2370
2028
2309
2761
2214
2260
2260
2024
2285
1951
2296
1925
2132
2108
2217
2183
2351
2098
2046
2103
2107
2106
2131
2159
2155
2081
2130
2441
2323
2385
2573
1991
2096
2222
2046
2630
2185
2228
2602
2259
2282
2240
2500
2462
2482
2728
2161
2255
2366
1847
2301
2403
2018
2335
2113
2437
2154
1873
2026
1890
2183
2623
2206
2068
2246
1963
2145
2117
1899
2312
2208
2442
2110
2227
2114
2152
2319
2177
2048
2048
2036
1991
1991
1997
2033
2070
2338
2224
1958
2361
6
5
1892
1907
2004
2613
2566
2337
1797
2141
2299
1792
2161
2123
2082
2499
2058
2244
1970
2068
2226
2226
1742
2093
2089
2053
2554
2682
2562
1967
2012
1954
2122
2122
2427
2058
1985
2528
2169
1869
2231
2358
2392
1815
2447
2091
1724
2084
2367
1984
2321
2160
2234
2161
1403
6
2059
1923
2063
2283
2242
2253
2172
2304
2240
1963
2132
2088
2042
1848
2209
5
1821
2343
2244
2517
2366
2482
2211
2281
1976
2195
2053
2308
2327
2402
2307
2510
2092
2488
2268
2498
2187
2058
2132
2145
2188
1999
2425
2228
2636
2222
2153
2457
195
195
195
195
195
195
195
195
195
192
195
2167
2458
2250
2335
2026
2221
2472
2298
2072
2464
2552
2456
2341
2383
2308
2428
2021
2239
2155
2250
2214
2112
2000
2270
2202
2017
1960
1960
2473
2094
2182
1948
1654
1436
252
7
2426
2104
2196
2182
1758
2350
2424
2334
2127
2425
2311
2179
2080
2499
2289
2070
2129
2028
2023
2238
2212
2274
2293
2088
2396
2431
2091
2513
1803
2089
1824
2682
2270
2171
2387
2075
2431
2129
1899
2453
2275
1919
1919
1919
1919
1898
1898
2571
2342
2508
2246
2273
2422
2150
1747
2145
2012
2425
2389
2452
2563
2290
2439
1920
2102
2062
7
2300
2169
1869
2164
2233
2255
1840
1818
1818
1812
1760
2336
2055
2444
1872
2202
2225
2456
2121
2184
2320
2274
2386
2252
2287
2057
1801
2377
1977
2227
2555
2552
2552
1859
2323
2227
1933
2486
2296
2038
2074
2454
2046
2209
2033
2494
2000
2388
2097
2257
2243
2359
1972
2292
2396
2306
2284
2284
2230
2241
2374
119
2571
1865
2182
2043
1979
2197
2133
2369
2093
2612
2407
2091
2143
2073
2274
2025
2783
2065
1483
2345
2264
2162
2573
2136
2083
2196
2063
2065
2132
2011
1866
1866
1792
2128
2178
2354
2327
2193
2163
2228
2030
2410
2113
1828
2400
2292
1944
1944
2073
2025
2025
2016
2278
2480
1964
2084
2677
2151
2086
2085
2402
2095
2212
1807
2316
2305
2517
2050
2000
2587
1806
1805
1781
1775
1789
1779
1956
2191
2211
2214
2377
2186
2148
2195
2333
2016
1998
1998
1989
1986
2369
1928
2471
2224
2377
2256
2615
2020
2200
2195
2173
1828
2067
2292
1942
2566
2361
2333
2112
2309
1717
2044
2427
2395
2150
2053
2183
2183
2035
2381
2190
2167
2195
2262
2282
2112
1950
2321
2358
28
2232
2277
2229
2524
2304
2439
2552
2104
2288
2459
2431
2403
2401
2367
2367
2289
2079
2057
2290
2437
2469
2269
2309
2289
2353
2261
2034
1951
2314
2361
2126
2207
1847
2047
2270
2192
1786
2288
2478
2521
2552
2188
2102
2404
2210
2244
1984
2159
2327
2397
2276
1812
2245
2196
2568
2568
2546
2538
2538
2532
2636
2176
2133
2246
2225
2254
2254
1837
1981
2319
2306
2239
2239
2024
2103
2557
2367
2368
2111
2170
1955
2252
2528
1922
1996
2241
2436
2333
1924
2443
2130
2281
2250
2039
1849
1948
2428
1656
552
2045
1850
2268
2273
2058
2046
2495
2203
2548
2224
2076
2102
2268
1971
2494
2255
1382
1382
1370
1367
1346
1304
945
1908
2385
2446
2019
2456
1920
1283
999
2019
1911
2342
2188
2296
2388
2020
2353
2440
2136
1994
1848
2263
1912
1903
2344
2593
2129
1964
2296
2153
1836
2253
2163
2394
1922
2489
2220
1786
1834
2226
2095
2093
2087
2071
2071
2155
2240
2521
2445
2592
2334
2314
2320
2177
1713
2226
1995
2369
2184
2011
2177
2366
1866
50
2404
2262
1946
1975
2308
1949
2359
2041
1749
2111
2111
2087
2070
2459
2377
2090
2237
2115
2000
2210
2215
2276
2036
2108
1769
2511
2201
2047
2585
2083
2225
2181
2442
2314
2256
2125
2376
2107
2598
2467
2327
2265
2552
2417
2504
2460
2163
2033
2298
2324
2066
1979
1892
1892
2272
1861
2363
2155
2435
1942
1911
2429
2265
2280
2280
2606
1977
2559
2349
2156
1970
2055
274
2113
2221
2186
2063
2010
2014
2087
2560
2264
2281
2360
2439
2324
2338
2040
2061
2241
2431
2431
1865
2179
1850
2189
2072
2316
2230
2100
2104
1933
1873
2575
2223
2288
2446
2515
2406
1947
2056
2280
2108
2139
2119
2549
2319
1810
1998
2380
2011
2479
2327
2046
2541
2018
2314
2271
2477
2205
2798
2050
2559
1974
2002
2002
2335
2399
2540
2282
2146
2072
1846
2268
1920
2179
2026
1919
2577
2220
2220
1908
2935
2260
2416
1867
2098
2315
2078
2291
2083
2575
2224
2180
2011
2221
2253
2021
2146
2051
1703
1933
2317
2087
1675
1671
1664
1656
1651
2275
1999
2374
1549
2444
2502
1898
2242
1898
2248
2063
2326
1954
2264
1742
1742
2074
2316
2471
2359
1896
2680
2217
2472
2143
1852
2024
2027
2019
1954
2236
2275
2258
2203
2211
1922
2260
2327
2338
2435
2397
2119
2294
2194
1904
2280
2212
2110
2277
2191
1824
2281
1888
2409
2024
2571
2187
2080
2475
2302
2085
2248
1923
2288
2203
2259
2232
2152
2405
2358
2215
2349
2036
2365
2209
2199
2156
1990
2320
2092
2288
2130
2016
2341
2449
2209
2365
2108
2419
2120
2342
2359
2322
2591
1718
2169
2024
2335
1717
2359
2204
2312
2262
1799
2176
2065
2058
2050
2243
2453
2333
2081
1993
2206
2499
2148
2027
2038
2188
2120
2325
2170
1962
2266
2448
2165
2077
2124
2279
1912
2127
2611
2197
2190
1942
2374
1825
2117
2067
2107
2121
2093
2183
2591
2043
2191
2592
2148
2108
1905
2091
2547
2047
2074
2411
2407
2312
2508
1948
2355
2460
2474
2291
2457
2188
2381
2146
2636
2541
1948
2119
7
2264
2368
1892
2289
1887
2344
2461
2292
2050
2451
2262
2041
2113
2216
2330
2330
2180
2334
2142
2201
2400
2005
2350
2234
2035
2166
2096
2226
2009
2103
1853
2210
1884
2385
2376
2368
2305
2275
2164
2336
2279
2274
2272
1914
1901
2190
2347
2053
2225
1972
2253
1857
2116
2418
2041
2116
2544
2295
2320
2235
2058
2372
2446
2355
2282
2282
2026
2212
2148
2352
2352
2317
2210
2190
1925
1927
2290
2111
2412
2298
1982
2556
2068
2483
2118
2529
2741
1882
2176
1934
1934
1914
1914
1914
1880
2327
2430
2089
2198
2290
2407
2043
2332
1979
2032
2074
2383
2136
2334
2515
1968
1902
2436
2268
1964
2372
2172
2182
1994
2178
2472
2415
2496
2389
2112
2841
2202
2296
1853
2367
1913
2518
2338
2270
2192
2179
2151
2151
2155
2083
2208
2131
1751
2283
1787
1958
2460
2341
2376
1985
2102
2082
2088
2120
2197
2170
2217
2145
2357
2272
2120
2175
2022
2068
2304
2229
2292
2411
2063
2107
2191
2089
2411
2160
2099
2454
2314
2087
2071
2475
2028
1841
2082
2083
2146
2146
2279
2310
2079
2124
2223
1803
2211
2573
1835
2144
2133
2029
1858
2207
2123
2177
2149
2017
2222
2083
2085
1756
1756
2217
7
2421
2337
1985
1984
1977
2422
2363
2384
1990
2268
2609
2275
14
14
2306
2016
2134
2466
2319
2235
2409
2264
1914
2456
2440
2040
2183
2490
2017
2380
2192
2168
2152
2128
2042
2042
1805
2423
2003
2455
2186
2090
2163
2073
2019
2595
1613
506
2194
2246
2186
2302
2125
2408
1729
2300
2207
2133
2020
2264
2364
2059
2470
2232
2302
2084
2242
2252
2168
2239
1993
2344
2085
2190
2102
2234
2146
2272
2003
2670
2632
2016
2432
1969
2458
2279
2296
2268
2441
2140
2381
2223
1970
1845
2434
1894
2057
2040
2328
2300
2105
1854
2239
2372
2097
2235
2233
2079
2330
1944
1892
2095
2202
1783
2563
1930
2127
1923
2009
2206
2353
2090
2034
1971
2524
2045
2168
1861
2138
2226
2395
1868
2236
2010
1951
2040
1739
2326
2445
2241
2078
2171
2463
2403
9
2142
2335
2271
2235
2411
2168
2300
2279
2132
2647
2423
2106
2272
2191
2092
1906
2461
2359
9
2231
2126
2298
2553
2122
2441
2441
2388
1938
1557
2125
2344
2037
2283
2281
2451
2016
1902
2283
2206
2204
2191
2276
1873
1858
2609
2425
1856
2136
1756
1756
1817
1968
2007
58
28
2347
2146
1958
2355
2288
2448
2657
2409
2395
659
2362
2357
2336
2066
2010
2155
2079
1907
2379
2458
2068
2068
2510
2231
2016
1918
2347
1959
2801
2213
2168
2228
2130
2163
2173
1813
2104
2106
2069
1729
2318
2242
2173
2172
1942
2001
2125
2582
2501
2339
2657
2013
1852
2387
2350
2122
2361
2221
2235
2176
2480
1961
2079
2397
2528
2248
1913
2277
2101
2102
2161
2297
2308
2524
2529
2152
2114
1871
2115
1979
2441
2543
2166
2282
1983
6
5
2355
1879
2401
2425
1968
2149
1928
1928
2304
2233
2017
2181
2424
2221
1968
1944
2048
2318
2212
2439
1912
2449
1959
1938
1938
2272
2306
2306
1917
2058
2040
2490
2074
1873
2009
2071
2103
2206
2122
2255
1980
2311
2334
2334
1841
2226
2238
1960
2173
2183
2095
2261
1687
2163
2133
2132
2343
2303
2245
2228
2196
2283
2266
2517
2171
2406
2286
1978
2381
1750
2553
2081
2263
2075
2220
1899
6
2408
2179
2467
1764
1983
1780
2130
1997
1925
1925
1896
1875
1875
2335
2083
2105
2592
2512
2169
2525
2238
2173
2295
2082
2170
2073
2454
2219
2609
2124
2309
2147
2291
2327
2296
2278
2127
2315
2315
2167
2114
2015
2389
2373
2025
2173
2109
2160
1984
1672
1641
1952
1751
1754
1738
1743
1734
2153
2153
2128
2091
2024
1991
1995
2226
2198
2133
1834
2196
1816
2420
2108
1773
2467
1976
2031
2299
2395
2435
2438
2135
2188
2150
2241
2097
1980
1977
2261
2297
2421
2149
2011
2325
69
2087
2349
1973
2227
2141
2220
1944
2494
1961
2263
2511
1695
2520
2003
2525
2119
2125
2135
2004
2213
2466
2260
2494
2109
2492
2147
1987
1733
2025
2485
2397
2233
2155
5
2525
2104
2280
2189
2070
2137
2193
2293
2343
2315
1924
1896
1911
2091
2598
2091
2163
2006
2205
2186
12
12
10
9
2487
2411
2131
2037
2085
2425
2126
2022
2154
2253
2027
2215
2063
2318
2089
2739
1933
1976
1873
2298
2038
2248
2492
2405
